4101200 4200612 4200621 4200502 1101612 1101621 1101502 1612621 1502612 

2200502 4101200 4200612 4200621 4200501 4200503 6101502 6502612 6502621 6501502 6502503 1101612 1101621 1101501 1101503 1612621 1501612 1503612 1501621 1503621 

4101200 4200612 4200621 4200502 1101612 1101621 1101502 1612621 1502612 

6101502 4502612 6502621 4502612 4502612 6502612 7502612 7502611 7502612 7502502 7200502 7200502 7200502 7200502 7200502 7200502 7200502 7200502 7200502 7200502 7200502 2101612 1101621 2101612 2101612 2101612 3101612 3101611 4101612 4101502 4101200 4101200 4101200 4101200 4101200 4101200 4101200 4101200 4101200 4101200 4101200 2612621 1612612 1612612 2612612 7612612 7611612 7612612 7502612 7200612 7200612 7200612 7200612 7200612 7200612 7200612 7200612 7200612 7200612 7200612 2612621 2612621 2612621 3612621 3611621 4612621 4502621 4200621 4200621 4200621 4200621 4200621 4200621 4200621 4200621 4200621 4200621 4200621 1612612 2612612 7612612 7611612 7612612 7502612 7200612 7200612 7200612 7200612 7200612 7200612 7200612 7200612 7200612 7200612 7200612 2612612 7612612 7611612 7612612 7502612 7200612 7200612 7200612 7200612 7200612 7200612 7200612 7200612 7200612 7200612 7200612 4612612 4611612 6612612 6502612 7200612 7200612 7200612 7200612 7200612 7200612 7200612 7200612 7200612 7200612 7200612 1611612 2612612 2502612 6200612 6200612 6200612 6200612 6200612 6200612 6200612 6200612 6200612 6200612 6200612 2611612 2502611 2200611 2200611 2200611 2200611 2200611 2200611 2200611 2200611 2200611 2200611 2200611 1502612 1200612 1200612 1200612 1200612 1200612 1200612 1200612 1200612 1200612 1200612 1200612 1200502 1200502 1200502 1200502 1200502 1200502 1200502 1200502 1200502 1200502 1200502 1200200 1200200 1200200 1200200 1200200 1200200 1200200 1200200 1200200 1200200 1200200 1200200 1200200 1200200 1200200 1200200 1200200 1200200 1200200 1200200 1200200 1200200 1200200 1200200 1200200 1200200 1200200 1200200 1200200 1200200 1200200 1200200 1200200 1200200 1200200 1200200 1200200 1200200 1200200 1200200 1200200 1200200 1200200 1200200 1200200 1200200 1200200 1200200 1200200 1200200 1200200 1200200 1200200 1200200 

1101612 2101622 2101621 2101622 4101621 2612622 2612621 2612622 4612621 1621622 1622622 6621622 1621622 2621621 

4101200 4200612 4200622 1101612 1101622 

1101612 2101622 1101621 4101200 4101200 4101200 4101200 4101200 4101200 4101200 2612622 1612621 4200612 4200612 4200612 4200612 4200612 4200612 4200612 2621622 7200622 7200622 7200622 7200622 7200622 7200622 7200622 4200621 4200621 4200621 4200621 4200621 4200621 4200621 1200200 1200200 1200200 1200200 1200200 1200200 1200200 1200200 1200200 1200200 1200200 1200200 1200200 1200200 1200200 1200200 1200200 1200200 1200200 1200200 

1101612 1101621 2101200 2101200 2101200 2101632 1101631 1101502 1612621 2200612 2200612 2200612 2612632 1612631 1502612 2200621 2200621 2200621 2621632 1621631 1502621 1200200 1200200 1200632 2200631 2200502 1200200 1200632 2200631 2200502 1200632 2200631 2200502 2631632 2502632 

6101502 6502612 4502621 6502632 6501502 6502503 4502622 6502621 7502502 7502631 7502632 7502631 7502632 7502631 7502632 7502631 7502622 7502621 7502622 7502621 7502622 7502621 7502622 7502621 7502622 7502621 7502622 7502621 7502622 7200502 7200502 7200502 7200502 7200502 7200502 7200502 7200502 7200502 7200502 7200502 7200502 7200502 7200502 7200502 7200502 7200502 7200502 1101612 2101621 2101632 1101501 1101503 2101622 2101621 4101502 3101631 3101632 3101631 3101632 3101631 3101632 4101631 3101622 3101621 3101622 3101621 3101622 3101621 3101622 3101621 3101622 3101621 3101622 3101621 4101622 4101200 4101200 4101200 4101200 4101200 4101200 4101200 4101200 4101200 4101200 4101200 4101200 4101200 4101200 4101200 4101200 4101200 4101200 2612621 2612632 1501612 1503612 2612622 2612621 4502612 3612631 3612632 3612631 3612632 3612631 3612632 4612631 3612622 3612621 3612622 3612621 3612622 3612621 3612622 3612621 3612622 3612621 3612622 3612621 4612622 4200612 4200612 4200612 4200612 4200612 4200612 4200612 4200612 4200612 4200612 4200612 4200612 4200612 4200612 4200612 4200612 4200612 4200612 1621632 2501621 2503621 1621622 2621621 6502621 4621631 6621632 7621631 7621632 7621631 7621632 7621631 7621622 7621621 7621622 7621621 7621622 7621621 7621622 7621621 7621622 7621621 7621622 7621621 7621622 7200621 7200621 7200621 7200621 7200621 7200621 7200621 7200621 7200621 7200621 7200621 7200621 7200621 7200621 7200621 7200621 7200621 7200621 2501632 2503632 1622632 2621632 6502632 4631632 4632632 4631632 4632632 6631632 7632632 7631632 7622632 7621632 7622632 7621632 7622632 7621632 7622632 7621632 7622632 7621632 7622632 7621632 7622632 7200632 7200632 7200632 7200632 7200632 7200632 7200632 7200632 7200632 7200632 7200632 7200632 7200632 7200632 7200632 7200632 7200632 7200632 1501503 2501622 2501621 4501502 3501631 3501632 3501631 3501632 3501631 3501632 4501631 3501622 3501621 3501622 3501621 3501622 3501621 3501622 3501621 3501622 3501621 3501622 3501621 4501622 4200501 4200501 4200501 4200501 4200501 4200501 4200501 4200501 4200501 4200501 4200501 4200501 4200501 4200501 4200501 4200501 4200501 4200501 2503622 2503621 4502503 3503631 3503632 3503631 3503632 3503631 3503632 4503631 3503622 3503621 3503622 3503621 3503622 3503621 3503622 3503621 3503622 3503621 3503622 3503621 4503622 4200503 4200503 4200503 4200503 4200503 4200503 4200503 4200503 4200503 4200503 4200503 4200503 4200503 4200503 4200503 4200503 4200503 4200503 2621622 2502622 1622631 1622632 4622631 6622632 7622631 7622632 7622631 7622622 7621622 7622622 7621622 7622622 7621622 7622622 7621622 7622622 7621622 7622622 7621622 7622622 7200622 7200622 7200622 7200622 7200622 7200622 7200622 7200622 7200622 7200622 7200622 7200622 7200622 7200622 7200622 7200622 7200622 7200622 2502621 2621631 2621632 2621631 1621632 4621631 4621632 6621631 4621622 4621621 4621622 4621621 6621622 7621621 7621622 7621621 7621622 7621621 7621622 7621621 7621622 7200621 7200621 7200621 7200621 7200621 7200621 7200621 7200621 7200621 7200621 7200621 7200621 7200621 7200621 7200621 7200621 7200621 7200621 2502631 2502632 2502631 2502632 2502631 3502632 4502631 3502622 3502621 3502622 3502621 3502622 3502621 3502622 3502621 3502622 3502621 3502622 3502621 4502622 4200502 4200502 4200502 4200502 4200502 4200502 4200502 4200502 4200502 4200502 4200502 4200502 4200502 4200502 4200502 4200502 4200502 4200502 1631632 1631631 1631632 1631631 6631632 7631631 7622631 7621631 7622631 7621631 7622631 7621631 7622631 7621631 7622631 7621631 7622631 7621631 7622631 7200631 7200631 7200631 7200631 7200631 7200631 7200631 7200631 7200631 7200631 7200631 7200631 7200631 7200631 7200631 7200631 7200631 7200631 1631632 1632632 1631632 2632632 7631632 7622632 7621632 7622632 7621632 7622632 7621632 7622632 7621632 7622632 7621632 7622632 7621632 7622632 7200632 7200632 7200632 7200632 7200632 7200632 7200632 7200632 7200632 7200632 7200632 7200632 7200632 7200632 7200632 7200632 7200632 7200632 1631632 1631631 1631632 6631631 7622631 7621631 7622631 7621631 7622631 7621631 7622631 7621631 7622631 7621631 7622631 7621631 7622631 7200631 7200631 7200631 7200631 7200631 7200631 7200631 7200631 7200631 7200631 7200631 7200631 7200631 7200631 7200631 7200631 7200631 7200631 1631632 1632632 2631632 6622632 7621632 7622632 7621632 7622632 7621632 7622632 7621632 7622632 7621632 7622632 7621632 7622632 7200632 7200632 7200632 7200632 7200632 7200632 7200632 7200632 7200632 7200632 7200632 7200632 7200632 7200632 7200632 7200632 7200632 7200632 1631632 2631631 1622631 4621631 6622631 7621631 7622631 7621631 7622631 7621631 7622631 7621631 7622631 7621631 7622631 7200631 7200631 7200631 7200631 7200631 7200631 7200631 7200631 7200631 7200631 7200631 7200631 7200631 7200631 7200631 7200631 7200631 7200631 2631632 1622632 1621632 2622632 7621632 7622632 7621632 7622632 7621632 7622632 7621632 7622632 7621632 7622632 7200632 7200632 7200632 7200632 7200632 7200632 7200632 7200632 7200632 7200632 7200632 7200632 7200632 7200632 7200632 7200632 7200632 7200632 2622631 2621631 2622631 3621631 3622631 3621631 3622631 3621631 3622631 3621631 3622631 3621631 4622631 4200631 4200631 4200631 4200631 4200631 4200631 4200631 4200631 4200631 4200631 4200631 4200631 4200631 4200631 4200631 4200631 4200631 4200631 1621622 1622622 1621622 1622622 1621622 6622622 7621622 7622622 7621622 7622622 7621622 7622622 7200622 7200622 7200622 7200622 7200622 7200622 7200622 7200622 7200622 7200622 7200622 7200622 7200622 7200622 7200622 7200622 7200622 7200622 1621622 1621621 1621622 1621621 2621622 7621621 7621622 7621621 7621622 7621621 7621622 7200621 7200621 7200621 7200621 7200621 7200621 7200621 7200621 7200621 7200621 7200621 7200621 7200621 7200621 7200621 7200621 7200621 7200621 1621622 1622622 1621622 2622622 7621622 7622622 7621622 7622622 7621622 7622622 7200622 7200622 7200622 7200622 7200622 7200622 7200622 7200622 7200622 7200622 7200622 7200622 7200622 7200622 7200622 7200622 7200622 7200622 1621622 1621621 2621622 7621621 7621622 7621621 7621622 7621621 7621622 7200621 7200621 7200621 7200621 7200621 7200621 7200621 7200621 7200621 7200621 7200621 7200621 7200621 7200621 7200621 7200621 7200621 7200621 1621622 2622622 7621622 7622622 7621622 7622622 7621622 7622622 7200622 7200622 7200622 7200622 7200622 7200622 7200622 7200622 7200622 7200622 7200622 7200622 7200622 7200622 7200622 7200622 7200622 7200622 2621622 7621621 7621622 7621621 7621622 7621621 7621622 7200621 7200621 7200621 7200621 7200621 7200621 7200621 7200621 7200621 7200621 7200621 7200621 7200621 7200621 7200621 7200621 7200621 7200621 4621622 4622622 4621622 4622622 4621622 6622622 7200622 7200622 7200622 7200622 7200622 7200622 7200622 7200622 7200622 7200622 7200622 7200622 7200622 7200622 7200622 7200622 7200622 7200622 1621622 1621621 1621622 1621621 2621622 6200621 6200621 6200621 6200621 6200621 6200621 6200621 6200621 6200621 6200621 6200621 6200621 6200621 6200621 6200621 6200621 6200621 6200621 1621622 1622622 1621622 2622622 2200622 2200622 2200622 2200622 2200622 2200622 2200622 2200622 2200622 2200622 2200622 2200622 2200622 2200622 2200622 2200622 2200622 2200622 1621622 1621621 2621622 2200621 2200621 2200621 2200621 2200621 2200621 2200621 2200621 2200621 2200621 2200621 2200621 2200621 2200621 2200621 2200621 2200621 2200621 1621622 2622622 2200622 2200622 2200622 2200622 2200622 2200622 2200622 2200622 2200622 2200622 2200622 2200622 2200622 2200622 2200622 2200622 2200622 2200622 2621622 2200621 2200621 2200621 2200621 2200621 2200621 2200621 2200621 2200621 2200621 2200621 2200621 2200621 2200621 2200621 2200621 2200621 2200621 1200622 1200622 1200622 1200622 1200622 1200622 1200622 1200622 1200622 1200622 1200622 1200622 1200622 1200622 1200622 1200622 1200622 1200622 1200200 1200200 1200200 1200200 1200200 1200200 1200200 1200200 1200200 1200200 1200200 1200200 1200200 1200200 1200200 1200200 1200200 1200200 1200200 1200200 1200200 1200200 1200200 1200200 1200200 1200200 1200200 1200200 1200200 1200200 1200200 1200200 1200200 1200200 1200200 1200200 1200200 1200200 1200200 1200200 1200200 1200200 1200200 1200200 1200200 1200200 1200200 1200200 1200200 1200200 1200200 1200200 1200200 1200200 1200200 1200200 1200200 1200200 1200200 1200200 1200200 1200200 1200200 1200200 1200200 1200200 1200200 1200200 1200200 1200200 1200200 1200200 1200200 1200200 1200200 1200200 1200200 1200200 1200200 1200200 1200200 1200200 1200200 1200200 1200200 1200200 1200200 1200200 1200200 1200200 1200200 1200200 1200200 1200200 1200200 1200200 1200200 1200200 1200200 1200200 1200200 1200200 1200200 1200200 1200200 1200200 1200200 1200200 1200200 1200200 1200200 1200200 1200200 1200200 1200200 1200200 1200200 1200200 1200200 1200200 1200200 1200200 1200200 1200200 1200200 1200200 1200200 1200200 1200200 1200200 1200200 1200200 1200200 1200200 1200200 1200200 1200200 1200200 1200200 1200200 1200200 1200200 1200200 1200200 1200200 1200200 1200200 1200200 1200200 1200200 1200200 1200200 

1400403 1400402 2400402 1400502 1400501 1400503 6400612 6400621 6400402 6400502 7400622 7400621 7400401 7400501 7400502 7400503 7400400 7400402 7400402 7200400 7200400 7200400 7200400 7200400 7200400 7200400 7200400 7200400 7400402 1402403 1402403 1403502 1403501 1403503 6403612 6403621 6402403 6403502 7403622 7403621 7401403 7403501 7403502 7403503 7400403 7402403 7402403 7200403 7200403 7200403 7200403 7200403 7200403 7200403 7200403 7200403 7402403 1402402 1402502 1402501 1402503 6402612 6402621 6402402 6402502 7402622 7402621 7401402 7402501 7402502 7402503 7400402 7402402 7402402 7200402 7200402 7200402 7200402 7200402 7200402 7200402 7200402 7200402 7402402 2402502 2402501 2402503 5402612 4402621 6402402 6402502 6402622 7402621 7401402 7402501 7402502 7402503 7400402 7402402 7402402 7200402 7200402 7200402 7200402 7200402 7200402 7200402 7200402 7200402 7402402 1501502 1502503 6502612 6502621 6402502 6502502 7502622 7502621 7401502 7501502 7502502 7502503 7400502 7402502 7402502 7200502 7200502 7200502 7200502 7200502 7200502 7200502 7200502 7200502 7402502 1501503 6501612 6501621 6402501 6501502 7501622 7501621 7401501 7501501 7501502 7501503 7400501 7402501 7402501 7200501 7200501 7200501 7200501 7200501 7200501 7200501 7200501 7200501 7402501 6503612 6503621 6402503 6502503 7503622 7503621 7401503 7501503 7502503 7503503 7400503 7402503 7402503 7200503 7200503 7200503 7200503 7200503 7200503 7200503 7200503 7200503 7402503 2612621 1402612 2502612 3612622 4612621 4401612 4501612 4502612 4503612 3400612 3402612 3402612 4200612 4200612 4200612 4200612 4200612 4200612 4200612 4200612 4200612 4402612 2402621 2502621 4621622 6621621 7401621 7501621 7502621 7503621 7400621 7402621 7402621 7200621 7200621 7200621 7200621 7200621 7200621 7200621 7200621 7200621 7402621 2402502 3402622 4402621 4401402 4402501 4402502 4402503 3400402 3402402 3402402 4200402 4200402 4200402 4200402 4200402 4200402 4200402 4200402 4200402 4402402 3502622 5502621 6401502 6501502 6502502 6502503 4400502 4402502 6402502 7200502 7200502 7200502 7200502 7200502 7200502 7200502 7200502 7200502 7402502 2621622 6401622 7501622 7502622 7503622 7400622 7402622 7402622 7200622 7200622 7200622 7200622 7200622 7200622 7200622 7200622 7200622 7402622 1401621 4501621 4502621 4503621 3400621 3402621 3402621 4200621 4200621 4200621 4200621 4200621 4200621 4200621 4200621 4200621 4402621 1401501 1401502 1401503 2400401 2401402 2401402 4200401 4200401 4200401 4200401 4200401 4200401 4200401 4200401 4200401 4401402 1501502 1501503 2400501 2402501 2402501 4200501 4200501 4200501 4200501 4200501 4200501 4200501 4200501 4200501 4402501 1502503 2400502 2402502 2402502 4200502 4200502 4200502 4200502 4200502 4200502 4200502 4200502 4200502 4402502 2400503 2402503 2402503 4200503 4200503 4200503 4200503 4200503 4200503 4200503 4200503 4200503 4402503 1400402 2400402 7200400 7200400 7200400 7200400 7200400 7200400 7200400 7200400 7200400 7400402 1402402 7200402 7200402 7200402 7200402 7200402 7200402 7200402 7200402 7200402 7402402 6200402 6200402 6200402 6200402 6200402 6200402 6200402 6200402 6200402 6402402 1200200 1200200 1200200 1200200 1200200 1200200 1200200 1200200 1200402 1200200 1200200 1200200 1200200 1200200 1200200 1200200 1200402 1200200 1200200 1200200 1200200 1200200 1200200 1200402 1200200 1200200 1200200 1200200 1200200 1200402 1200200 1200200 1200200 1200200 1200402 1200200 1200200 1200200 1200402 1200200 1200200 1200402 1200200 1200402 

2200400 2200403 2200402 2200400 2200401 2200400 2200402 2200403 2200402 2200401 2200501 2200502 2200503 2200502 2200501 2200503 3200612 3200621 3200632 3200631 3200631 4200402 3200632 3200631 4200612 3200632 3200400 3200631 3200632 3200502 3200501 3200503 3200400 4200501 4200503 3200632 3200622 4200621 3200631 3200632 3200400 3200400 3200631 3200632 3200400 3200631 3200632 4200400 4200502 3200632 3200631 3200632 3200632 3200631 3200402 3200632 3200631 3200632 3200631 3200631 3200632 3200631 3200632 4200631 4200400 1400403 2400402 2400400 2400401 2400400 2400402 2400403 2400402 2400401 2400501 2400502 2400503 2400502 2400501 2400503 6400612 6400621 4400632 4400631 4400631 6400402 4400632 6400631 7400612 7400632 7400400 7400631 7400632 7400502 7400501 7400503 7400400 7400501 7400503 7400632 7400622 7400621 7400631 7400632 7400400 7400400 7400631 7400632 7400400 7400631 7400632 7400400 7400502 7400632 7400631 7400632 7400632 7400631 7400402 7400632 7400631 7400632 7400631 7400631 7400632 7400631 7400632 7400631 7400400 1402403 2400403 2401403 2400403 2402403 2403403 2402403 2401403 2403501 2403502 2403503 2403502 2403501 2403503 4403612 5403621 3403632 4403631 4403631 6402403 4403632 4403631 6403612 4403632 6400403 6403631 7403632 7403502 7403501 7403503 7400403 7403501 7403503 7403632 7403622 7403621 7403631 7403632 7400403 7400403 7403631 7403632 7400403 7403631 7403632 7400403 7403502 7403632 7403631 7403632 7403632 7403631 7402403 7403632 7403631 7403632 7403631 7403631 7403632 7403631 7403632 7403631 7400403 1400402 2401402 2400402 2402402 2402403 2402402 2401402 1402501 1402502 1402503 2402502 2402501 2402503 4402612 5402621 3402632 3402631 4402631 5402402 4402632 4402631 6402612 4402632 6400402 4402631 6402632 7402502 7402501 7402503 7400402 7402501 7402503 7402632 7402622 7402621 7402631 7402632 7400402 7400402 7402631 7402632 7400402 7402631 7402632 7400402 7402502 7402632 7402631 7402632 7402632 7402631 7402402 7402632 7402631 7402632 7402631 7402631 7402632 7402631 7402632 7402631 7400402 1400401 2400400 2400402 2400403 2400402 2400401 1400501 1400502 1400503 1400502 1400501 1400503 3400612 5400621 3400632 3400631 3400631 5400402 3400632 4400631 5400612 4400632 4400400 4400631 4400632 4400502 4400501 4400503 6400400 6400501 6400503 6400632 7400622 7400621 7400631 7400632 7400400 7400400 7400631 7400632 7400400 7400631 7400632 7400400 7400502 7400632 7400631 7400632 7400632 7400631 7400402 7400632 7400631 7400632 7400631 7400631 7400632 7400631 7400632 7400631 7400400 2400401 2401402 2401403 2401402 2401401 2401501 2401502 2401503 1401502 1401501 1401503 3401612 4401621 3401632 3401631 3401631 5401402 3401632 3401631 5401612 3401632 4400401 3401631 4401632 4401502 4401501 4401503 4400401 6401501 6401503 4401632 4401622 6401621 4401631 4401632 6400401 4400401 4401631 4401632 6400401 6401631 7401632 7400401 7401502 7401632 7401631 7401632 7401632 7401631 7401402 7401632 7401631 7401632 7401631 7401631 7401632 7401631 7401632 7401631 7400401 1400402 2400403 2400402 2400401 2400501 2400502 2400503 2400502 2400501 2400503 3400612 3400621 3400632 3400631 3400631 5400402 3400632 3400631 5400612 3400632 3400400 3400631 3400632 3400502 3400501 3400503 3400400 5400501 5400503 3400632 3400622 5400621 3400631 3400632 4400400 3400400 3400631 3400632 4400400 4400631 4400632 6400400 6400502 4400632 4400631 4400632 4400632 4400631 6400402 6400632 7400631 7400632 7400631 7400631 7400632 7400631 7400632 7400631 7400400 1402403 2402402 2401402 2402501 2402502 2402503 2402502 2402501 2402503 3402612 3402621 3402632 3402631 3402631 5402402 3402632 3402631 5402612 3402632 3400402 3402631 3402632 3402502 3402501 3402503 3400402 5402501 5402503 3402632 3402622 5402621 3402631 3402632 3400402 3400402 3402631 3402632 3400402 3402631 3402632 5400402 5402502 4402632 4402631 4402632 4402632 4402631 6402402 4402632 4402631 6402632 7402631 7402631 7402632 7402631 7402632 7402631 7400402 1402403 2401403 2403501 2403502 2403503 2403502 2403501 2403503 3403612 3403621 3403632 3403631 3403631 5402403 3403632 3403631 5403612 3403632 3400403 3403631 3403632 3403502 3403501 3403503 3400403 5403501 5403503 3403632 3403622 5403621 3403631 3403632 3400403 3400403 3403631 3403632 3400403 3403631 3403632 5400403 5403502 3403632 3403631 4403632 4403632 4403631 6402403 4403632 4403631 4403632 4403631 7403631 7403632 7403631 7403632 7403631 7400403 2401402 2402501 2402502 2402503 2402502 2402501 2402503 3402612 3402621 3402632 3402631 3402631 5402402 3402632 3402631 5402612 3402632 3400402 3402631 3402632 3402502 3402501 3402503 3400402 5402501 5402503 3402632 3402622 5402621 3402631 3402632 3400402 3400402 3402631 3402632 3400402 3402631 3402632 5400402 5402502 3402632 3402631 3402632 3402632 3402631 5402402 4402632 4402631 4402632 4402631 4402631 6402632 7402631 7402632 7402631 7400402 2401501 2401502 2401503 2401502 2401501 2401503 3401612 3401621 3401632 3401631 3401631 5401402 3401632 3401631 5401612 3401632 3400401 3401631 3401632 3401502 3401501 3401503 3400401 5401501 5401503 3401632 3401622 5401621 3401631 3401632 3400401 3400401 3401631 3401632 3400401 3401631 3401632 5400401 5401502 3401632 3401631 3401632 3401632 3401631 4401402 3401632 3401631 3401632 3401631 4401631 4401632 4401631 4401632 6401631 6400401 1501502 1501503 1501502 1501501 1501503 4501612 5501621 3501632 3501631 3501631 5402501 3501632 4501631 6501612 4501632 4400501 4501631 6501632 4501502 4501501 4501503 6400501 6501501 6501503 7501632 7501622 7501621 7501631 7501632 7400501 7400501 7501631 7501632 7400501 7501631 7501632 7400501 7501502 7501632 7501631 7501632 7501632 7501631 7402501 7501632 7501631 7501632 7501631 7501631 7501632 7501631 7501632 7501631 7400501 1502503 1502502 1501502 1502503 4502612 5502621 3502632 3502631 3502631 5402502 3502632 4502631 6502612 4502632 4400502 4502631 6502632 4502502 4501502 4502503 6400502 6501502 6502503 7502632 7502622 7502621 7502631 7502632 7400502 7400502 7502631 7502632 7400502 7502631 7502632 7400502 7502502 7502632 7502631 7502632 7502632 7502631 7402502 7502632 7502631 7502632 7502631 7502631 7502632 7502631 7502632 7502631 7400502 1502503 1501503 1503503 4503612 5503621 3503632 3503631 3503631 5402503 3503632 4503631 6503612 4503632 4400503 4503631 6503632 4502503 4501503 4503503 6400503 6501503 6503503 7503632 7503622 7503621 7503631 7503632 7400503 7400503 7503631 7503632 7400503 7503631 7503632 7400503 7502503 7503632 7503631 7503632 7503632 7503631 7402503 7503632 7503631 7503632 7503631 7503631 7503632 7503631 7503632 7503631 7400503 1501502 1502503 3502612 4502621 3502632 3502631 3502631 5402502 3502632 3502631 5502612 4502632 4400502 4502631 4502632 4502502 4501502 4502503 6400502 6501502 6502503 4502632 4502622 6502621 4502631 6502632 7400502 7400502 7502631 7502632 7400502 7502631 7502632 7400502 7502502 7502632 7502631 7502632 7502632 7502631 7402502 7502632 7502631 7502632 7502631 7502631 7502632 7502631 7502632 7502631 7400502 1501503 3501612 4501621 3501632 3501631 3501631 5402501 3501632 3501631 5501612 3501632 4400501 4501631 4501632 4501502 4501501 4501503 4400501 6501501 6501503 4501632 4501622 6501621 4501631 4501632 6400501 6400501 6501631 7501632 7400501 7501631 7501632 7400501 7501502 7501632 7501631 7501632 7501632 7501631 7402501 7501632 7501631 7501632 7501631 7501631 7501632 7501631 7501632 7501631 7400501 3503612 4503621 3503632 3503631 3503631 5402503 3503632 3503631 5503612 3503632 4400503 4503631 4503632 4502503 4501503 4503503 4400503 6501503 6503503 4503632 4503622 6503621 4503631 4503632 6400503 6400503 6503631 7503632 7400503 7503631 7503632 7400503 7502503 7503632 7503631 7503632 7503632 7503631 7402503 7503632 7503631 7503632 7503631 7503631 7503632 7503631 7503632 7503631 7400503 2612621 2612632 2612631 1612631 2402612 1612632 1612631 6612612 4612632 6400612 4612631 6612632 7502612 7501612 7503612 7400612 7501612 7503612 7612632 7612622 7612621 7612631 7612632 7400612 7400612 7612631 7612632 7400612 7612631 7612632 7400612 7502612 7612632 7612631 7612632 7612632 7612631 7402612 7612632 7612631 7612632 7612631 7612631 7612632 7612631 7612632 7612631 7400612 2621632 2621631 2621631 2402621 2621632 2621631 5612621 3621632 4400621 3621631 4621632 4502621 4501621 4503621 4400621 6501621 6503621 4621632 4621622 6621621 4621631 4621632 6400621 4400621 4621631 4621632 6400621 4621631 6621632 7400621 7502621 7621632 7621631 7621632 7621632 7621631 7402621 7621632 7621631 7621632 7621631 7621631 7621632 7621631 7621632 7621631 7400621 1631632 1631632 2402632 1632632 2631632 7612632 7632632 7400632 7631632 7632632 7502632 7501632 7503632 7400632 7501632 7503632 7632632 7622632 7621632 7631632 7632632 7400632 7400632 7631632 7632632 7400632 7631632 7632632 7400632 7502632 7632632 7631632 7632632 7632632 7631632 7402632 7632632 7631632 7632632 7631632 7631632 7632632 7631632 7632632 7631632 7400632 1631631 2402631 1631632 2631631 7612631 7631632 7400631 7631631 7631632 7502631 7501631 7503631 7400631 7501631 7503631 7631632 7622631 7621631 7631631 7631632 7400631 7400631 7631631 7631632 7400631 7631631 7631632 7400631 7502631 7631632 7631631 7631632 7631632 7631631 7402631 7631632 7631631 7631632 7631631 7631631 7631632 7631631 7631632 7631631 7400631 2402631 1631632 1631631 6612631 7631632 7400631 7631631 7631632 7502631 7501631 7503631 7400631 7501631 7503631 7631632 7622631 7621631 7631631 7631632 7400631 7400631 7631631 7631632 7400631 7631631 7631632 7400631 7502631 7631632 7631631 7631632 7631632 7631631 7402631 7631632 7631631 7631632 7631631 7631631 7631632 7631631 7631632 7631631 7400631 2402632 2402631 4402612 3402632 3400402 3402631 3402632 3402502 3402501 3402503 3400402 4402501 4402503 3402632 3402622 4402621 3402631 3402632 3400402 3400402 3402631 3402632 3400402 3402631 3402632 4400402 4402502 3402632 3402631 3402632 3402632 3402631 3402402 3402632 3402631 3402632 3402631 3402631 3402632 3402631 3402632 4402631 4400402 1631632 2612632 6632632 6400632 7631632 7632632 7502632 7501632 7503632 7400632 7501632 7503632 7632632 7622632 7621632 7631632 7632632 7400632 7400632 7631632 7632632 7400632 7631632 7632632 7400632 7502632 7632632 7631632 7632632 7632632 7631632 7402632 7632632 7631632 7632632 7631632 7631632 7632632 7631632 7632632 7631632 7400632 2612631 1631632 2400631 4631631 6631632 7502631 7501631 7503631 7400631 7501631 7503631 7631632 7622631 7621631 7631631 7631632 7400631 7400631 7631631 7631632 7400631 7631631 7631632 7400631 7502631 7631632 7631631 7631632 7631632 7631631 7402631 7631632 7631631 7631632 7631631 7631631 7631632 7631631 7631632 7631631 7400631 2612632 2400612 2612631 2612632 3502612 3501612 3503612 3400612 4501612 4503612 3612632 3612622 4612621 3612631 3612632 3400612 3400612 3612631 3612632 3400612 3612631 3612632 4400612 4502612 3612632 3612631 3612632 3612632 3612631 3402612 3612632 3612631 3612632 3612631 3612631 3612632 3612631 3612632 4612631 4400612 2400632 1631632 2632632 1502632 2501632 2503632 7400632 7501632 7503632 7632632 7622632 7621632 7631632 7632632 7400632 7400632 7631632 7632632 7400632 7631632 7632632 7400632 7502632 7632632 7631632 7632632 7632632 7631632 7402632 7632632 7631632 7632632 7631632 7631632 7632632 7631632 7632632 7631632 7400632 1400631 1400632 1400502 1400501 1400503 4400400 6400501 6400503 4400632 4400622 6400621 4400631 4400632 6400400 6400400 6400631 7400632 7400400 7400631 7400632 7400400 7400502 7400632 7400631 7400632 7400632 7400631 7400402 7400632 7400631 7400632 7400631 7400631 7400632 7400631 7400632 7400631 7400400 2631632 1502631 1501631 1503631 6400631 6501631 6503631 7631632 7622631 7621631 7631631 7631632 7400631 7400631 7631631 7631632 7400631 7631631 7631632 7400631 7502631 7631632 7631631 7631632 7631632 7631631 7402631 7631632 7631631 7631632 7631631 7631631 7631632 7631631 7631632 7631631 7400631 1502632 1501632 1503632 1400632 2501632 2503632 4632632 4622632 6621632 4631632 4632632 6400632 6400632 4631632 6632632 7400632 7631632 7632632 7400632 7502632 7632632 7631632 7632632 7632632 7631632 7402632 7632632 7631632 7632632 7631632 7631632 7632632 7631632 7632632 7631632 7400632 1501502 1502503 2400502 2501502 2502503 1502632 1502622 6502621 4502631 6502632 7400502 7400502 7502631 7502632 7400502 7502631 7502632 7400502 7502502 7502632 7502631 7502632 7502632 7502631 7402502 7502632 7502631 7502632 7502631 7502631 7502632 7502631 7502632 7502631 7400502 1501503 1400501 2501501 2501503 1501632 1501622 6501621 4501631 4501632 6400501 6400501 6501631 7501632 7400501 7501631 7501632 7400501 7501502 7501632 7501631 7501632 7501632 7501631 7402501 7501632 7501631 7501632 7501631 7501631 7501632 7501631 7501632 7501631 7400501 1400503 2501503 2503503 1503632 1503622 6503621 4503631 4503632 6400503 6400503 6503631 7503632 7400503 7503631 7503632 7400503 7502503 7503632 7503631 7503632 7503632 7503631 7402503 7503632 7503631 7503632 7503631 7503631 7503632 7503631 7503632 7503631 7400503 2400501 2400503 1400632 1400622 2400621 1400631 1400632 1400400 1400400 1400631 4400632 4400400 4400631 4400632 6400400 6400502 4400632 6400631 7400632 7400632 7400631 7400402 7400632 7400631 7400632 7400631 7400631 7400632 7400631 7400632 7400631 7400400 1501503 2501632 2501622 1501621 2501631 2501632 2400501 2400501 2501631 3501632 3400501 3501631 3501632 4400501 4501502 3501632 3501631 3501632 3501632 3501631 3402501 3501632 3501631 3501632 3501631 3501631 3501632 3501631 3501632 4501631 4400501 2503632 2503622 1503621 2503631 2503632 2400503 2400503 2503631 3503632 3400503 3503631 3503632 4400503 4502503 3503632 3503631 3503632 3503632 3503631 3402503 3503632 3503631 3503632 3503631 3503631 3503632 3503631 3503632 4503631 4400503 1622632 2621632 1631632 1632632 1400632 1400632 1631632 1632632 6400632 4631632 4632632 6400632 7502632 7632632 7631632 7632632 7632632 7631632 7402632 7632632 7631632 7632632 7631632 7631632 7632632 7631632 7632632 7631632 7400632 2621622 1622631 1622632 1400622 1400622 1622631 1622632 2400622 1622631 1622632 6400622 7502622 7622632 7622631 7622632 7622632 7622631 7402622 7622632 7622631 7622632 7622631 7622631 7622632 7622631 7622632 7622631 7400622 2621631 2621632 2400621 2400621 2621631 2621632 2400621 2621631 2621632 1400621 4502621 3621632 3621631 3621632 3621632 3621631 3402621 3621632 3621631 3621632 3621631 3621631 3621632 3621631 3621632 4621631 4400621 1631632 1400631 1400631 1631631 1631632 1400631 1631631 1631632 2400631 6502631 6631632 7631631 7631632 7631632 7631631 7402631 7631632 7631631 7631632 7631631 7631631 7631632 7631631 7631632 7631631 7400631 1400632 1400632 1631632 1632632 1400632 1631632 1632632 2400632 2502632 1632632 6631632 7632632 7632632 7631632 7402632 7632632 7631632 7632632 7631632 7631632 7632632 7631632 7632632 7631632 7400632 1400400 1400631 1400632 1400400 1400631 1400632 2400400 2400502 1400632 6400631 7400632 7400632 7400631 7400402 7400632 7400631 7400632 7400631 7400631 7400632 7400631 7400632 7400631 7400400 1400631 1400632 1400400 1400631 1400632 2400400 2400502 1400632 2400631 7400632 7400632 7400631 7400402 7400632 7400631 7400632 7400631 7400631 7400632 7400631 7400632 7400631 7400400 1631632 1400631 1631631 1631632 2400631 2502631 1631632 2631631 7631632 7631632 7631631 7402631 7631632 7631631 7631632 7631631 7631631 7631632 7631631 7631632 7631631 7400631 1400632 1631632 1632632 2400632 2502632 1632632 2631632 7632632 7632632 7631632 7402632 7632632 7631632 7632632 7631632 7631632 7632632 7631632 7632632 7631632 7400632 1400631 1400632 2400400 2400502 1400632 1400631 6400632 7400632 7400631 7400402 7400632 7400631 7400632 7400631 7400631 7400632 7400631 7400632 7400631 7400400 1631632 2400631 2502631 1631632 2631631 7631632 7631632 7631631 7402631 7631632 7631631 7631632 7631631 7631631 7631632 7631631 7631632 7631631 7400631 2400632 2502632 1632632 2631632 7632632 7632632 7631632 7402632 7632632 7631632 7632632 7631632 7631632 7632632 7631632 7632632 7631632 7400632 1400502 2400632 2400631 3400632 3400632 3400631 3400402 3400632 3400631 3400632 3400631 3400631 3400632 3400631 3400632 4400631 4400400 2502632 2502631 2502632 3502632 3502631 3402502 3502632 3502631 3502632 3502631 3502631 3502632 3502631 3502632 4502631 4400502 1631632 2632632 7632632 7631632 7402632 7632632 7631632 7632632 7631632 7631632 7632632 7631632 7632632 7631632 7400632 1631632 4631632 4631631 6402631 4631632 4631631 6631632 7631631 7631631 7631632 7631631 7631632 7631631 7400631 1632632 1631632 2402632 1632632 1631632 2632632 7631632 7631632 7632632 7631632 7632632 7631632 7400632 1631632 2402632 1632632 1631632 2632632 7631632 7631632 7632632 7631632 7632632 7631632 7400632 2402631 1631632 1631631 2631632 7631631 7631631 7631632 7631631 7631632 7631631 7400631 2402632 2402631 2402632 3402631 4402631 4402632 4402631 4402632 6402631 6400402 1631632 2632632 7631632 7631632 7632632 7631632 7632632 7631632 7400632 1631632 6631631 7631631 7631632 7631631 7631632 7631631 7400631 1631632 4631632 4632632 6631632 7632632 7631632 7400632 1631631 1631632 1631631 6631632 7631631 7400631 1631632 1631631 1631632 2631631 6400631 1631632 1632632 2631632 2400632 1631632 2631631 2400631 2631632 2400632 

1400402 1400402 2400401 2400402 2400402 2400400 2400400 2400400 2400402 2400403 2400401 2400402 2400400 2400402 2400401 2400402 2400501 2400503 4101400 6400612 4400622 6400632 6400621 4102400 4101400 6102400 7102400 7101400 7102400 7101400 7102400 7400622 7400621 7400622 7400621 7101400 7400622 7102400 7400621 7400622 7400621 7102400 7101400 7102400 7400501 7400502 7400622 7103400 7102400 7103400 7103400 7400400 7102400 7103400 7400400 7102400 7200400 7200400 7400621 7400631 7101400 7102400 7102400 7400632 7101400 1402402 2401402 2402402 2402402 2400402 2400402 2400402 2402402 2402403 2401402 2402402 2400402 2402402 2401402 2402402 2402501 2402503 4101402 6402612 4402622 6402632 6402621 4102402 4101402 6102402 7102402 7101402 7102402 7101402 7102402 7402622 7402621 7402622 7402621 7101402 7402622 7102402 7402621 7402622 7402621 7102402 7101402 7102402 7402501 7402502 7402622 7103402 7102402 7103402 7103402 7400402 7102402 7103402 7400402 7102402 7200402 7200402 7402621 7402631 7101402 7102402 7102402 7402632 7101402 2401402 2402402 2402402 2400402 2400402 2400402 2402402 2402403 2401402 2402402 2400402 2402402 2401402 2402402 2402501 2402503 4101402 6402612 4402622 6402632 6402621 4102402 4101402 6102402 7102402 7101402 7102402 7101402 7102402 7402622 7402621 7402622 7402621 7101402 7402622 7102402 7402621 7402622 7402621 7102402 7101402 7102402 7402501 7402502 7402622 7103402 7102402 7103402 7103402 7400402 7102402 7103402 7400402 7102402 7200402 7200402 7402621 7402631 7101402 7102402 7102402 7402632 7101402 1401402 2401402 2400401 2400401 2400401 2401402 2401403 2401401 2401402 2400401 2401402 2401401 2401402 2401501 2401503 3101401 5401612 3401622 5401632 5401621 3102401 4101401 4102401 4102401 6101401 7102401 7101401 7102401 7401622 7401621 7401622 7401621 7101401 7401622 7102401 7401621 7401622 7401621 7102401 7101401 7102401 7401501 7401502 7401622 7103401 7102401 7103401 7103401 7400401 7102401 7103401 7400401 7102401 7200401 7200401 7401621 7401631 7101401 7102401 7102401 7401632 7101401 2402402 2400402 2400402 2400402 2402402 2402403 2401402 2402402 2400402 2402402 2401402 2402402 2402501 2402503 3101402 5402612 3402622 5402632 5402621 3102402 3101402 4102402 4102402 6101402 7102402 7101402 7102402 7402622 7402621 7402622 7402621 7101402 7402622 7102402 7402621 7402622 7402621 7102402 7101402 7102402 7402501 7402502 7402622 7103402 7102402 7103402 7103402 7400402 7102402 7103402 7400402 7102402 7200402 7200402 7402621 7402631 7101402 7102402 7102402 7402632 7101402 1400402 2400402 2400402 2402402 2402403 2401402 2402402 2400402 2402402 2401402 2402402 2402501 2402503 3101402 5402612 3402622 5402632 4402621 3102402 3101402 4102402 4102402 4101402 4102402 4101402 4102402 4402622 4402621 4402622 4402621 4101402 4402622 6102402 6402621 7402622 7402621 7102402 7101402 7102402 7402501 7402502 7402622 7103402 7102402 7103402 7103402 7400402 7102402 7103402 7400402 7102402 7200402 7200402 7402621 7402631 7101402 7102402 7102402 7402632 7101402 2400400 2400400 2400402 2400403 2400401 2400402 2400400 2400402 2400401 2400402 2400501 2400503 3101400 5400612 3400622 5400632 4400621 3102400 3101400 4102400 4102400 4101400 4102400 4101400 4102400 4400622 4400621 4400622 4400621 4101400 4400622 6102400 6400621 7400622 7400621 7102400 7101400 7102400 7400501 7400502 7400622 7103400 7102400 7103400 7103400 7400400 7102400 7103400 7400400 7102400 7200400 7200400 7400621 7400631 7101400 7102400 7102400 7400632 7101400 1400400 1400402 1400403 1400401 1400402 1400400 1400402 2400401 2400402 1400501 2400503 3101400 5400612 3400622 5400632 3400621 3102400 3101400 3102400 3102400 3101400 3102400 3101400 3102400 3400622 3400621 3400622 3400621 3101400 3400622 4102400 3400621 3400622 4400621 4102400 4101400 4102400 6400501 6400502 6400622 4103400 4102400 4103400 4103400 4400400 4102400 6103400 7400400 7102400 7200400 7200400 7400621 7400631 7101400 7102400 7102400 7400632 7101400 1400402 1400403 1400401 1400402 1400400 1400402 2400401 2400402 1400501 2400503 3101400 5400612 3400622 5400632 3400621 3102400 3101400 3102400 3102400 3101400 3102400 3101400 3102400 3400622 3400621 3400622 3400621 3101400 3400622 4102400 3400621 3400622 4400621 4102400 4101400 4102400 6400501 6400502 6400622 4103400 4102400 4103400 4103400 4400400 4102400 6103400 7400400 7102400 7200400 7200400 7400621 7400631 7101400 7102400 7102400 7400632 7101400 1402403 1401402 1402402 1400402 1402402 2401402 2402402 1402501 2402503 3101402 5402612 3402622 5402632 3402621 3102402 3101402 3102402 3102402 3101402 3102402 3101402 3102402 3402622 3402621 3402622 3402621 3101402 3402622 4102402 3402621 3402622 4402621 4102402 4101402 4102402 6402501 6402502 6402622 4103402 4102402 4103402 4103402 4400402 4102402 6103402 7400402 7102402 7200402 7200402 7402621 7402631 7101402 7102402 7102402 7402632 7101402 1401403 1402403 1400403 1402403 2401403 2402403 1403501 2403503 3101403 5403612 3403622 5403632 3403621 3102403 3101403 3102403 3102403 3101403 3102403 3101403 3102403 3403622 3403621 3403622 3403621 3101403 3403622 4102403 3403621 3403622 4403621 4102403 4101403 4102403 6403501 6403502 6403622 4103403 4102403 4103403 4103403 4400403 4102403 6103403 7400403 7102403 7200403 7200403 7403621 7403631 7101403 7102403 7102403 7403632 7101403 1401402 1400401 1401402 2401401 2401402 1401501 2401503 3101401 5401612 3401622 5401632 3401621 3102401 3101401 3102401 3102401 3101401 3102401 3101401 3102401 3401622 3401621 3401622 3401621 3101401 3401622 4102401 3401621 3401622 4401621 4102401 4101401 4102401 6401501 6401502 6401622 4103401 4102401 4103401 4103401 4400401 4102401 6103401 7400401 7102401 7200401 7200401 7401621 7401631 7101401 7102401 7102401 7401632 7101401 1400402 1402402 2401402 2402402 1402501 1402503 3101402 5402612 3402622 5402632 3402621 3102402 3101402 3102402 3102402 3101402 3102402 3101402 3102402 3402622 3402621 3402622 3402621 3101402 3402622 3102402 3402621 3402622 4402621 4102402 4101402 4102402 4402501 4402502 4402622 4103402 4102402 4103402 4103402 4400402 4102402 4103402 4400402 6102402 6200402 6200402 6402621 7402631 7101402 7102402 7102402 7402632 7101402 1400402 2400401 2400402 1400501 1400503 3101400 5400612 3400622 5400632 3400621 3102400 3101400 3102400 3102400 3101400 3102400 3101400 3102400 3400622 3400621 3400622 3400621 3101400 3400622 3102400 3400621 3400622 4400621 4102400 4101400 4102400 4400501 4400502 4400622 4103400 4102400 4103400 4103400 4400400 4102400 4103400 4400400 6102400 6200400 6200400 6400621 7400631 7101400 7102400 7102400 7400632 7101400 2401402 2402402 1402501 1402503 3101402 5402612 3402622 4402632 3402621 3102402 3101402 3102402 3102402 3101402 3102402 3101402 3102402 3402622 3402621 3402622 3402621 3101402 3402622 3102402 3402621 3402622 4402621 3102402 4101402 4102402 4402501 4402502 4402622 4103402 4102402 4103402 4103402 4400402 4102402 4103402 4400402 6102402 6200402 6200402 6402621 6402631 7101402 7102402 7102402 7402632 7101402 1401402 2401501 1401503 3101401 5401612 3401622 4401632 3401621 3102401 3101401 3102401 3102401 3101401 3102401 3101401 3102401 3401622 3401621 3401622 3401621 3101401 3401622 3102401 3401621 3401622 3401621 3102401 3101401 3102401 4401501 4401502 4401622 3103401 3102401 3103401 3103401 3400401 3102401 4103401 4400401 4102401 6200401 6200401 6401621 4401631 4101401 4102401 4102401 6401632 6101401 2402501 1402503 3101402 5402612 3402622 4402632 3402621 3102402 3101402 3102402 3102402 3101402 3102402 3101402 3102402 3402622 3402621 3402622 3402621 3101402 3402622 3102402 3402621 3402622 3402621 3102402 3101402 3102402 4402501 4402502 4402622 3103402 3102402 3103402 3103402 3400402 3102402 4103402 4400402 4102402 6200402 6200402 6402621 4402631 4101402 4102402 4102402 6402632 6101402 2501503 3101501 5501612 3501622 5501632 3501621 3102501 3101501 3102501 3102501 3101501 3102501 3101501 3102501 3501622 3501621 3501622 3501621 3101501 3501622 4102501 3501621 3501622 4501621 4102501 4101501 4102501 6501501 6501502 6501622 4103501 4102501 4103501 4103501 4400501 4102501 6103501 7400501 7102501 7200501 7200501 7501621 7501631 7101501 7102501 7102501 7501632 7101501 3101503 5503612 3503622 4503632 3503621 3102503 3101503 3102503 3102503 3101503 3102503 3101503 3102503 3503622 3503621 3503622 3503621 3101503 3503622 3102503 3503621 3503622 3503621 3102503 3101503 3102503 4501503 4502503 4503622 3103503 3102503 4103503 4103503 4400503 4102503 4103503 4400503 4102503 6200503 6200503 6503621 4503631 4101503 4102503 6102503 6503632 7101503 2101612 1101622 2101632 2101621 1101102 1101101 6101102 7101102 7101101 7101102 7101101 7101102 7101622 7101621 7101622 7101621 7101101 7101622 7101102 7101621 7101622 7101621 7101102 7101101 7101102 7101501 7101502 7101622 7101103 7101102 7101103 7101103 7101400 7101102 7101103 7101400 7101102 7101200 7101200 7101621 7101631 7101101 7101102 7101102 7101632 7101101 2612622 2612632 2612621 2102612 2101612 3102612 3102612 3101612 3102612 3101612 3102612 3612622 3612621 3612622 3612621 3101612 3612622 3102612 3612621 3612622 3612621 3102612 3101612 3102612 3501612 3502612 3612622 3103612 3102612 3103612 3103612 3400612 3102612 3103612 3400612 3102612 4200612 4200612 4612621 3612631 3101612 3102612 3102612 4612632 4101612 2622632 2621622 1102622 1101622 6102622 7102622 7101622 7102622 7101622 7102622 7622622 7621622 7622622 7621622 7101622 7622622 7102622 7621622 7622622 7621622 7102622 7101622 7102622 7501622 7502622 7622622 7103622 7102622 7103622 7103622 7400622 7102622 7103622 7400622 7102622 7200622 7200622 7621622 7622631 7101622 7102622 7102622 7622632 7101622 2621632 2102632 2101632 3102632 3102632 3101632 3102632 3101632 3102632 3622632 3621632 3622632 3621632 3101632 3622632 3102632 3621632 3622632 3621632 3102632 3101632 3102632 4501632 4502632 4622632 3103632 3102632 3103632 4103632 4400632 4102632 4103632 4400632 4102632 6200632 6200632 6621632 4631632 4101632 4102632 6102632 6632632 7101632 2102621 2101621 1102621 4102621 4101621 4102621 4101621 4102621 4621622 4621621 4621622 4621621 4101621 4621622 6102621 4621621 4621622 6621621 7102621 7101621 7102621 7501621 7502621 7621622 7103621 7102621 7103621 7103621 7400621 7102621 7103621 7400621 7102621 7200621 7200621 7621621 7621631 7101621 7102621 7102621 7621632 7101621 1101102 2102102 7102102 7101102 7102102 7101102 7102102 7102622 7102621 7102622 7102621 7101102 7102622 7102102 7102621 7102622 7102621 7102102 7101102 7102102 7102501 7102502 7102622 7102103 7102102 7102103 7102103 7102400 7102102 7102103 7102400 7102102 7102200 7102200 7102621 7102631 7101102 7102102 7102102 7102632 7101102 2101102 7101102 7101101 7101102 7101101 7101102 7101622 7101621 7101622 7101621 7101101 7101622 7101102 7101621 7101622 7101621 7101102 7101101 7101102 7101501 7101502 7101622 7101103 7101102 7101103 7101103 7101400 7101102 7101103 7101400 7101102 7101200 7101200 7101621 7101631 7101101 7101102 7101102 7101632 7101101 4102102 4101102 4102102 4101102 6102102 6102622 7102621 7102622 7102621 7101102 7102622 7102102 7102621 7102622 7102621 7102102 7101102 7102102 7102501 7102502 7102622 7102103 7102102 7102103 7102103 7102400 7102102 7102103 7102400 7102102 7102200 7102200 7102621 7102631 7101102 7102102 7102102 7102632 7101102 1101102 1102102 1101102 2102102 1102622 4102621 6102622 7102621 7101102 7102622 7102102 7102621 7102622 7102621 7102102 7101102 7102102 7102501 7102502 7102622 7102103 7102102 7102103 7102103 7102400 7102102 7102103 7102400 7102102 7102200 7102200 7102621 7102631 7101102 7102102 7102102 7102632 7101102 1101102 1101101 1101102 1101622 1101621 1101622 4101621 6101101 6101622 7101102 7101621 7101622 7101621 7101102 7101101 7101102 7101501 7101502 7101622 7101103 7101102 7101103 7101103 7101400 7101102 7101103 7101400 7101102 7101200 7101200 7101621 7101631 7101101 7101102 7101102 7101632 7101101 1101102 1102102 1102622 1102621 1102622 1102621 1101102 1102622 6102102 6102621 7102622 7102621 7102102 7101102 7102102 7102501 7102502 7102622 7102103 7102102 7102103 7102103 7102400 7102102 7102103 7102400 7102102 7102200 7102200 7102621 7102631 7101102 7102102 7102102 7102632 7101102 1101102 1101622 1101621 1101622 1101621 1101101 1101622 2101102 1101621 6101622 7101621 7101102 7101101 7101102 7101501 7101502 7101622 7101103 7101102 7101103 7101103 7101400 7101102 7101103 7101400 7101102 7101200 7101200 7101621 7101631 7101101 7101102 7101102 7101632 7101101 1102622 1102621 1102622 1102621 1101102 1102622 1102102 1102621 1102622 6102621 6102102 7101102 7102102 7102501 7102502 7102622 7102103 7102102 7102103 7102103 7102400 7102102 7102103 7102400 7102102 7102200 7102200 7102621 7102631 7101102 7102102 7102102 7102632 7101102 1621622 1622622 1621622 1101622 1622622 2102622 1621622 1622622 2621622 7102622 7101622 7102622 7501622 7502622 7622622 7103622 7102622 7103622 7103622 7400622 7102622 7103622 7400622 7102622 7200622 7200622 7621622 7622631 7101622 7102622 7102622 7622632 7101622 1621622 1621621 1101621 1621622 1102621 1621621 1621622 2621621 6102621 7101621 7102621 7501621 7502621 7621622 7103621 7102621 7103621 7103621 7400621 7102621 7103621 7400621 7102621 7200621 7200621 7621621 7621631 7101621 7102621 7102621 7621632 7101621 1621622 1101622 1622622 1102622 1621622 1622622 2621622 2102622 7101622 7102622 7501622 7502622 7622622 7103622 7102622 7103622 7103622 7400622 7102622 7103622 7400622 7102622 7200622 7200622 7621622 7622631 7101622 7102622 7102622 7622632 7101622 1101621 1621622 1102621 1621621 1621622 2621621 2102621 7101621 7102621 7501621 7502621 7621622 7103621 7102621 7103621 7103621 7400621 7102621 7103621 7400621 7102621 7200621 7200621 7621621 7621631 7101621 7102621 7102621 7621632 7101621 1101622 1101102 1101621 1101622 2101621 1101102 6101101 7101102 7101501 7101502 7101622 7101103 7101102 7101103 7101103 7101400 7101102 7101103 7101400 7101102 7101200 7101200 7101621 7101631 7101101 7101102 7101102 7101632 7101101 1102622 1621622 1622622 2621622 1102622 6101622 7102622 7501622 7502622 7622622 7103622 7102622 7103622 7103622 7400622 7102622 7103622 7400622 7102622 7200622 7200622 7621622 7622631 7101622 7102622 7102622 7622632 7101622 1102621 1102622 1102621 1102102 1101102 4102102 6102501 6102502 6102622 4102103 6102102 7102103 7102103 7102400 7102102 7102103 7102400 7102102 7102200 7102200 7102621 7102631 7101102 7102102 7102102 7102632 7101102 1621622 2621621 1102621 1101621 7102621 7501621 7502621 7621622 7103621 7102621 7103621 7103621 7400621 7102621 7103621 7400621 7102621 7200621 7200621 7621621 7621631 7101621 7102621 7102621 7621632 7101621 2621622 1102622 1101622 6102622 7501622 7502622 7622622 7103622 7102622 7103622 7103622 7400622 7102622 7103622 7400622 7102622 7200622 7200622 7621622 7622631 7101622 7102622 7102622 7622632 7101622 1102621 1101621 1102621 6501621 6502621 6621622 4103621 4102621 4103621 4103621 4400621 4102621 6103621 7400621 7102621 7200621 7200621 7621621 7621631 7101621 7102621 7102621 7621632 7101621 1101102 1102102 2102501 2102502 2102622 1102103 1102102 4102103 6102103 6102400 7102102 7102103 7102400 7102102 7102200 7102200 7102621 7102631 7101102 7102102 7102102 7102632 7101102 1101102 2101501 2101502 2101622 1101103 1101102 1101103 1101103 2101400 6101102 7101103 7101400 7101102 7101200 7101200 7101621 7101631 7101101 7101102 7101102 7101632 7101101 2102501 2102502 2102622 1102103 1102102 1102103 1102103 1102400 1102102 6102103 7102400 7102102 7102200 7102200 7102621 7102631 7101102 7102102 7102102 7102632 7101102 1501502 1501622 2103501 2102501 1103501 1103501 1400501 1102501 1103501 4400501 4102501 6200501 6200501 6501621 4501631 4101501 4102501 6102501 6501632 7101501 1502622 2103502 2102502 1103502 1103502 1400502 1102502 1103502 4400502 4102502 6200502 6200502 6502621 4502631 4101502 4102502 6102502 6502632 7101502 2103622 2102622 1103622 1103622 1400622 1102622 1103622 4400622 4102622 6200622 6200622 6621622 4622631 4101622 4102622 6102622 6622632 7101622 1102103 1103103 1103103 1103400 1102103 2103103 7103400 7102103 7103200 7103200 7103621 7103631 7101103 7102103 7102103 7103632 7101103 1102103 1102103 1102400 1102102 2102103 6102400 7102102 7102200 7102200 7102621 7102631 7101102 7102102 7102102 7102632 7101102 1103103 1103400 1102103 1103103 1103400 6102103 6103200 6103200 6103621 7103631 7101103 7102103 7102103 7103632 7101103 1103400 1102103 1103103 1103400 2102103 2103200 2103200 2103621 6103631 7101103 7102103 7102103 7103632 7101103 1102400 1103400 1400400 2102400 2200400 2200400 2400621 6400631 7101400 7102400 7102400 7400632 7101400 1102103 1102400 2102102 2102200 2102200 2102621 2102631 7101102 7102102 7102102 7102632 7101102 1103400 1102103 2103200 2103200 2103621 2103631 4101103 4102103 6102103 7103632 7101103 1102400 2200400 2200400 2400621 1400631 1101400 1102400 6102400 6400632 7101400 2102200 2102200 2102621 1102631 1101102 1102102 1102102 6102632 6101102 1200200 1200621 2200631 2101200 2102200 2102200 1200632 4101200 1200621 2200631 2101200 2102200 2102200 1200632 4101200 2621631 2101621 2102621 2102621 1621632 4101621 1101631 1102631 1102631 2631632 6101631 1101102 1101102 2101632 2101101 1102102 2102632 2101102 2102632 2101102 

