Cabinet,1,1.22353182E12,1.22353182E12
Cabinet,1,1.22353182E12,1.22353182E12
Cabinet,1,1.22353182E12,1.22353182E12
Cabinet,1,1.22353182E12,1.22353182E12
Cabinet,1,1.22353182E12,1.22353182E12
Cabinet,1,1.22353182E12,1.22353182E12
Cabinet,1,1.22353182E12,1.22353182E12
Cabinet,1,1.22353182E12,1.22353182E12
Cabinet,1,1.22353182E12,1.22353182E12
Cabinet,1,1.22353182E12,1.22353182E12
Cabinet,1,1.22353182E12,1.22353182E12
Cabinet,1,1.22353182E12,1.22353182E12
Cabinet,1,1.22353182E12,1.22353182E12
Cabinet,1,1.22353182E12,1.22353182E12
Cabinet,1,1.22353182E12,1.22353182E12
