Motion,23,1.22353825E12,1.22353825E12
Motion,23,1.22353825E12,1.22353825E12
Cabinet,12,1.22353825E12,1.22353838E12
Cabinet,12,1.22353825E12,1.22353838E12
Cabinet,12,1.22353825E12,1.22353838E12
Cabinet,12,1.22353825E12,1.22353838E12
Cabinet,12,1.22353825E12,1.22353838E12
Cabinet,12,1.22353825E12,1.22353838E12
Cabinet,12,1.22353825E12,1.22353838E12
Cabinet,12,1.22353825E12,1.22353838E12
Cabinet,12,1.22353825E12,1.22353838E12
Cabinet,12,1.22353825E12,1.22353838E12
Cabinet,12,1.22353825E12,1.22353838E12
Cabinet,12,1.22353825E12,1.22353838E12
Cabinet,12,1.22353825E12,1.22353838E12
Cabinet,12,1.22353825E12,1.22353838E12
Cabinet,12,1.22353825E12,1.22353838E12
Motion,1,1.22353838E12,1.22353838E12
Motion,23,1.22353838E12,1.22353838E12
Motion,7,1.22353838E12,1.22353825E12
Motion,1,1.22353838E12,1.22353825E12
Motion,1,1.22353838E12,1.22353838E12
Motion,23,1.22353838E12,1.22353838E12
Motion,1,1.22353838E12,1.22353838E12
Motion,7,1.22353838E12,1.22353838E12
Motion,8,1.22353838E12,1.22353838E12
Motion,23,1.22353838E12,1.22353838E12
