Motion,18,1.22353091E12,1.22353091E12
Motion,17,1.22353091E12,1.22353091E12
Motion,17,1.22353091E12,1.22353091E12
Motion,18,1.22353091E12,1.22353091E12
Motion,17,1.22353091E12,1.22353091E12
Motion,17,1.22353091E12,1.22353091E12
Motion,18,1.22353091E12,1.22353117E12
Cabinet,7,1.22353091E12,1.22353104E12
Cabinet,7,1.22353091E12,1.22353104E12
Cabinet,7,1.22353091E12,1.22353104E12
Cabinet,7,1.22353091E12,1.22353104E12
Cabinet,7,1.22353091E12,1.22353104E12
Cabinet,7,1.22353091E12,1.22353104E12
Cabinet,7,1.22353091E12,1.22353104E12
Cabinet,7,1.22353091E12,1.22353104E12
Cabinet,7,1.22353091E12,1.22353104E12
Cabinet,7,1.22353091E12,1.22353104E12
Motion,17,1.22353104E12,1.22353104E12
Motion,17,1.22353104E12,1.22353104E12
Motion,17,1.22353104E12,1.22353104E12
Motion,17,1.22353104E12,1.22353104E12
Motion,17,1.22353104E12,1.22353104E12
Motion,17,1.22353104E12,1.22353104E12
Motion,17,1.22353104E12,1.22353104E12
Motion,17,1.22353104E12,1.22353104E12
Motion,17,1.22353104E12,1.22353104E12
Motion,17,1.22353104E12,1.22353104E12
Cabinet,7,1.22353104E12,1.22353117E12
Cabinet,7,1.22353104E12,1.22353117E12
Cabinet,7,1.22353104E12,1.22353117E12
Cabinet,7,1.22353104E12,1.22353117E12
Cabinet,7,1.22353104E12,1.22353117E12
Cabinet,7,1.22353104E12,1.22353117E12
Cabinet,7,1.22353104E12,1.22353117E12
Cabinet,7,1.22353104E12,1.22353117E12
Cabinet,7,1.22353104E12,1.22353117E12
Cabinet,7,1.22353104E12,1.22353117E12
Motion,17,1.22353117E12,1.22353117E12
Motion,17,1.22353117E12,1.22353117E12
Motion,17,1.22353117E12,1.22353117E12
Motion,17,1.22353117E12,1.22353117E12
Motion,17,1.22353117E12,1.22353117E12
Motion,17,1.22353117E12,1.22353117E12
Motion,17,1.22353117E12,1.22353117E12
Motion,17,1.22353117E12,1.22353117E12
Motion,17,1.22353117E12,1.22353117E12
Motion,17,1.22353117E12,1.22353117E12
Motion,17,1.22353117E12,1.22353117E12
Motion,17,1.22353117E12,1.22353117E12
Motion,17,1.22353117E12,1.22353117E12
Motion,17,1.22353117E12,1.22353117E12
Motion,17,1.22353117E12,1.22353117E12
Cabinet,7,1.22353117E12,1.22353117E12
Cabinet,7,1.22353117E12,1.22353117E12
Cabinet,7,1.22353117E12,1.22353117E12
Cabinet,7,1.22353117E12,1.22353117E12
Cabinet,7,1.22353117E12,1.22353117E12
Cabinet,7,1.22353117E12,1.22353117E12
Cabinet,7,1.22353117E12,1.22353117E12
Cabinet,7,1.22353117E12,1.22353117E12
Cabinet,7,1.22353117E12,1.22353117E12
Cabinet,7,1.22353117E12,1.22353117E12
Cabinet,7,1.22353117E12,1.22353117E12
Cabinet,7,1.22353117E12,1.22353117E12
Cabinet,7,1.22353117E12,1.22353117E12
Cabinet,7,1.22353117E12,1.22353117E12
Cabinet,7,1.22353117E12,1.22353117E12
Item,4,1.22353117E12,1.22353091E12
Item,4,1.22353117E12,1.22353091E12
Item,4,1.22353117E12,1.22353091E12
Item,4,1.22353117E12,1.22353091E12
Item,4,1.22353117E12,1.22353091E12
Item,6,1.22353117E12,1.22353091E12
Item,6,1.22353117E12,1.22353091E12
Item,6,1.22353117E12,1.22353091E12
Item,6,1.22353117E12,1.22353091E12
Item,6,1.22353117E12,1.22353091E12
Item,4,1.22353117E12,1.22353117E12
Item,4,1.22353117E12,1.22353117E12
Item,4,1.22353117E12,1.22353117E12
Item,4,1.22353117E12,1.22353117E12
Item,4,1.22353117E12,1.22353117E12
Item,6,1.22353117E12,1.22353117E12
Item,6,1.22353117E12,1.22353117E12
Item,6,1.22353117E12,1.22353117E12
Item,6,1.22353117E12,1.22353117E12
Item,6,1.22353117E12,1.22353117E12
