Motion,16,1.22162997E12,1.22162997E12
Motion,15,1.22162997E12,1.22162997E12
Motion,17,1.22162997E12,1.22162997E12
Motion,17,1.22162997E12,1.22162997E12
Motion,17,1.22162997E12,1.22162997E12
Motion,16,1.22162997E12,1.22163023E12
Motion,15,1.22162997E12,1.22163023E12
Cabinet,7,1.22162997E12,1.22162997E12
Cabinet,7,1.22162997E12,1.22162997E12
Cabinet,7,1.22162997E12,1.22162997E12
Cabinet,7,1.22162997E12,1.22162997E12
Cabinet,7,1.22162997E12,1.22162997E12
Cabinet,10,1.22162997E12,1.22162997E12
Cabinet,10,1.22162997E12,1.22162997E12
Cabinet,10,1.22162997E12,1.22162997E12
Cabinet,10,1.22162997E12,1.22162997E12
Cabinet,10,1.22162997E12,1.22162997E12
Cabinet,10,1.22162997E12,1.22163023E12
Cabinet,10,1.22162997E12,1.22163023E12
Cabinet,10,1.22162997E12,1.22163023E12
Cabinet,10,1.22162997E12,1.22163023E12
Cabinet,10,1.22162997E12,1.22163023E12
Cabinet,7,1.22162997E12,1.22163036E12
Cabinet,7,1.22162997E12,1.22163036E12
Cabinet,7,1.22162997E12,1.22163036E12
Cabinet,7,1.22162997E12,1.22163036E12
Cabinet,7,1.22162997E12,1.22163036E12
Motion,17,1.22163023E12,1.22163023E12
Motion,51,1.22163023E12,1.22163023E12
Motion,18,1.22163023E12,1.22163023E12
Motion,17,1.22163023E12,1.22163023E12
Motion,17,1.22163023E12,1.22163023E12
Motion,17,1.22163023E12,1.22163023E12
Motion,17,1.22163023E12,1.22163023E12
Motion,18,1.22163023E12,1.22163023E12
Motion,18,1.22163023E12,1.22163036E12
Motion,51,1.22163023E12,1.22163036E12
Cabinet,10,1.22163023E12,1.22163023E12
Cabinet,10,1.22163023E12,1.22163023E12
Cabinet,10,1.22163023E12,1.22163023E12
Cabinet,10,1.22163023E12,1.22163023E12
Cabinet,10,1.22163023E12,1.22163023E12
Cabinet,9,1.22163023E12,1.22163036E12
Cabinet,9,1.22163023E12,1.22163036E12
Cabinet,9,1.22163023E12,1.22163036E12
Cabinet,9,1.22163023E12,1.22163036E12
Cabinet,9,1.22163023E12,1.22163036E12
Cabinet,10,1.22163023E12,1.22163036E12
Cabinet,10,1.22163023E12,1.22163036E12
Cabinet,10,1.22163023E12,1.22163036E12
Cabinet,10,1.22163023E12,1.22163036E12
Cabinet,10,1.22163023E12,1.22163036E12
Motion,17,1.22163036E12,1.22163036E12
Motion,15,1.22163036E12,1.22163036E12
Motion,16,1.22163036E12,1.22163036E12
Motion,17,1.22163036E12,1.22163036E12
Motion,16,1.22163036E12,1.22163036E12
Motion,13,1.22163036E12,1.22163036E12
Motion,14,1.22163036E12,1.22163036E12
Motion,13,1.22163036E12,1.22163036E12
Motion,14,1.22163036E12,1.22163036E12
Motion,15,1.22163036E12,1.22163036E12
Motion,16,1.22163036E12,1.22163036E12
Motion,17,1.22163036E12,1.22163036E12
Cabinet,9,1.22163036E12,1.22163036E12
Cabinet,9,1.22163036E12,1.22163036E12
Cabinet,9,1.22163036E12,1.22163036E12
Cabinet,9,1.22163036E12,1.22163036E12
Cabinet,9,1.22163036E12,1.22163036E12
Cabinet,9,1.22163036E12,1.22163036E12
Cabinet,9,1.22163036E12,1.22163036E12
Cabinet,9,1.22163036E12,1.22163036E12
Cabinet,9,1.22163036E12,1.22163036E12
Cabinet,9,1.22163036E12,1.22163036E12
Cabinet,11,1.22163036E12,1.22163036E12
Cabinet,11,1.22163036E12,1.22163036E12
Cabinet,11,1.22163036E12,1.22163036E12
Cabinet,11,1.22163036E12,1.22163036E12
Cabinet,11,1.22163036E12,1.22163036E12
