Motion,18,1.22344518E12,1.22344518E12
Motion,17,1.22344518E12,1.22344518E12
Motion,18,1.22344518E12,1.22344518E12
Motion,17,1.22344518E12,1.22344518E12
Motion,18,1.22344518E12,1.22344532E12
Cabinet,7,1.22344518E12,1.22344532E12
Cabinet,7,1.22344518E12,1.22344532E12
Cabinet,7,1.22344518E12,1.22344532E12
Cabinet,7,1.22344518E12,1.22344532E12
Cabinet,7,1.22344518E12,1.22344532E12
Cabinet,7,1.22344518E12,1.22344532E12
Cabinet,7,1.22344518E12,1.22344532E12
Cabinet,7,1.22344518E12,1.22344532E12
Cabinet,7,1.22344518E12,1.22344532E12
Cabinet,7,1.22344518E12,1.22344532E12
Cabinet,7,1.22344518E12,1.22344532E12
Cabinet,7,1.22344518E12,1.22344532E12
Cabinet,7,1.22344518E12,1.22344532E12
Cabinet,7,1.22344518E12,1.22344532E12
Cabinet,7,1.22344518E12,1.22344532E12
Motion,17,1.22344532E12,1.22344532E12
Motion,16,1.22344532E12,1.22344532E12
Motion,15,1.22344532E12,1.22344532E12
Motion,17,1.22344532E12,1.22344532E12
Motion,16,1.22344532E12,1.22344532E12
Motion,15,1.22344532E12,1.22344532E12
Motion,7,1.22344532E12,1.22344532E12
Motion,8,1.22344532E12,1.22344532E12
Motion,15,1.22344532E12,1.22344532E12
Motion,16,1.22344532E12,1.22344532E12
Motion,17,1.22344532E12,1.22344532E12
Item,6,1.22344532E12,1.22344518E12
Item,6,1.22344532E12,1.22344518E12
Item,6,1.22344532E12,1.22344518E12
Item,6,1.22344532E12,1.22344518E12
Item,6,1.22344532E12,1.22344518E12
Item,4,1.22344532E12,1.22344518E12
Item,4,1.22344532E12,1.22344518E12
Item,4,1.22344532E12,1.22344518E12
Item,4,1.22344532E12,1.22344518E12
Item,4,1.22344532E12,1.22344518E12
Item,4,1.22344532E12,1.22344532E12
Item,4,1.22344532E12,1.22344532E12
Item,4,1.22344532E12,1.22344532E12
Item,4,1.22344532E12,1.22344532E12
Item,4,1.22344532E12,1.22344532E12
Item,6,1.22344532E12,1.22344532E12
Item,6,1.22344532E12,1.22344532E12
Item,6,1.22344532E12,1.22344532E12
Item,6,1.22344532E12,1.22344532E12
Item,6,1.22344532E12,1.22344532E12
