Cabinet,1,1.22333771E12,1.22333784E12
Cabinet,1,1.22333771E12,1.22333784E12
Cabinet,1,1.22333771E12,1.22333784E12
Cabinet,1,1.22333771E12,1.22333784E12
Cabinet,1,1.22333771E12,1.22333784E12
Cabinet,1,1.22333771E12,1.22333784E12
Cabinet,1,1.22333771E12,1.22333784E12
Cabinet,1,1.22333771E12,1.22333784E12
Cabinet,1,1.22333771E12,1.22333784E12
Cabinet,1,1.22333771E12,1.22333784E12
Cabinet,1,1.22333771E12,1.22333784E12
Cabinet,1,1.22333771E12,1.22333784E12
Cabinet,1,1.22333771E12,1.22333784E12
Cabinet,1,1.22333771E12,1.22333784E12
Cabinet,1,1.22333771E12,1.22333784E12
