2401401 2401402 2400401 2401402 2400401 2400401 2400401 2401503 2401501 2401502 2401502 2401501 2401502 2401611 2401631 5200401 5200401 5200401 5200401 -1 7401402 -1 7401402 -1 7400401 -1 7400401 -1 7401402 -1 7401402 -1 7401402 -1 7400401 -1 7401402 -1 7400401 -1 7401402 -1 7400401 -1 7401402 1401402 2400401 2401402 2400401 2400401 2400401 -2
2400402 2400400 2400400 -2
1200200 1200200 2200400 2200400 2200402 1200402 -2
2200400 1200401 -2
1200402 1200611 1402611 -2
1400400 1400402 1400401 1400400 1400402 1400401 2400502 2400631 3400631 5400402 3400632 -1 3400632 -1 3400632 3400631 5400400 4400631 -2
2402402 2402631 5402402 4402632 6402402 6402632 -1 7402402 -1 7402402 -1 7200402 -1 7200402 -1 7200402 -1 7200402 -1 7200402 -1 7200402 -1 7200402 -1 7200402 -1 7200402 -1 7200402 -2
1200200 2200400 2200402 2200400 2200400 1200501 -2
2400402 2400402 2400400 2400501 2400502 2400503 2400502 2400503 2400503 2400611 2400631 5200400 -2
1401402 2401402 2402402 6402402 6402402 -2
2401402 2401402 2400401 2401402 2401501 2401502 2401503 2401503 2401502 2401503 2401611 2401631 -1 7401502 -1 7401501 -1 7401503 -1 7401402 -1 7401402 -1 7401402 -1 7401402 -1 7400401 -2
1200200 1200401 1200501 1200503 1200611 1200401 1200501 1200503 1200611 1401501 1401503 1401611 1501503 1501611 1503611 -2
2401402 2401402 2400401 2401402 2401611 3400401 4401632 4400401 6400401 6401631 -1 7400401 -1 7400401 -1 7400401 -1 7400401 -1 7401502 -1 7400401 -1 7200401 -1 7200401 -1 7200401 -1 7200401 -1 7200401 -1 7200401 -1 7200401 -1 7200401 -1 7200401 -1 7200401 -1 7200401 -1 7200401 -1 7200401 -1 7200401 -1 7200401 -1 7200401 -1 7200401 -1 7200401 -1 7200401 -1 7400401 2402402 2400402 2402402 2402611 3400402 3402632 3400402 3400402 3402631 3400402 3400402 -2
2400501 2400502 2400503 1400611 1400631 4400501 -2
5402631 6631632 -1 7631632 3402632 4402632 6632632 -2
2200402 2200401 2200400 2200402 2200402 2200400 2200401 2200400 2200402 1200502 1200611 2200631 3200402 3200401 3200402 3200631 3200631 3200402 3200402 -2
1200200 2200401 2200402 2200402 2200402 2200400 2200400 2200400 2200402 2200400 1200502 1200501 1200503 1200611 1200631 3200401 3200401 3200401 3200402 3200401 3200401 3200402 3200401 3200401 3200401 3200401 3200402 -1 3200402 3200402 3200402 3200402 3200402 3200402 3200402 -1 3200402 3200402 -1 3200402 3200402 3200402 3200401 3200402 3200402 3200401 4200402 3200402 3200402 3200402 4200401 2200401 2200402 2200402 2200402 2200400 2200400 2200400 2200402 2200400 1200502 1200501 1200503 1200611 1200631 3200401 3200401 3200401 3200402 3200401 3200401 3200402 3200401 3200401 3200401 3200401 3200402 -1 3200402 3200402 3200402 3200402 -2
2400400 2400401 2400502 2400611 -2
1200200 2200402 1200611 -2
2401402 2402402 2400402 2402631 6402402 -1 7200402 -1 7200402 -1 7402402 -1 7402402 -1 7402402 -1 7402402 -1 7402402 -1 7402402 -1 7402402 -2
2400400 2400611 2400631 5200400 5200400 -2
2402402 2401402 2401402 2402402 2402502 2402611 2402631 6402402 -1 7402402 -1 7200402 -1 7200402 -1 7200402 -1 7200402 -1 7200402 -1 7200402 -1 7401402 -1 7401402 -1 7402402 -1 7402402 -1 7402402 2401402 2401402 -2
2400400 2400400 2400400 2400402 2400502 2400501 2400503 2400611 2400631 3400402 3400402 3400632 3400631 4400631 6400402 -2
2401401 2400401 2400401 2401402 2401402 2400401 2401502 2401611 -2
1200200 1200402 1200401 1200611 1200631 1200402 1200401 1200611 1200631 1401402 1402611 1402631 1401611 1401631 1611631 -2
2402402 2402501 2402502 2402503 2402611 -2
2400402 2400402 2402402 2402611 2402631 -2
2400402 2400402 2400402 2400400 2400400 2400402 2400400 2400400 2400611 1400631 5400402 6400631 -1 7400402 -1 7400402 -1 7400402 -1 7400402 -1 7400402 -1 7400502 -1 7200400 -1 7200400 -1 7200400 -1 7200400 -1 7200400 -1 7200400 -1 7200400 -1 7200400 -1 7400402 -1 7400402 -1 7400401 -1 7400401 -1 7400402 -1 7400402 -1 7400402 -1 7400402 -1 7400402 -1 7400402 -1 7400402 -1 7400402 2402402 2402402 2400402 2400402 2402402 2400402 2400402 2402611 2402631 3402402 3402631 3402631 3402402 3402632 5402631 6402402 -1 7402402 -1 7402402 -1 7402402 -1 7402502 -1 7200402 -1 7200402 -1 7200402 -1 7200402 -1 7200402 -1 7200402 -1 7200402 -1 7200402 -1 7402402 -1 7402402 -1 7401402 -1 7401402 -1 7402402 -1 7402402 -1 7402402 -1 7402402 -1 7402402 -1 7402402 -1 7402402 -1 7402402 2402402 2400402 2400402 2402402 2400402 2400402 2402611 2402631 3402402 3402631 3402631 3402402 3402632 3402631 3402402 5402402 -2
2400401 2400400 2400402 -2
2400402 2402402 2401402 2400402 2400402 2401402 2400402 2402611 2402631 -1 7402402 -1 7402402 -1 7402501 -1 7402502 -1 7402503 -1 7402402 -1 7402402 -1 7402402 -1 7402402 -1 7402402 -1 7402402 -1 7402402 -1 7402402 -1 7402402 -1 7402402 -1 7402402 -1 7402402 -1 7402402 -1 7402402 -1 7402402 -1 7402402 -1 7402402 -1 7402402 -1 7402402 -1 7402402 -1 7402402 -1 7402402 -1 7200402 -1 7200402 -1 7200402 -1 7200402 -1 7200402 -1 7200402 -1 7200402 -1 7200402 -1 7200402 -1 7200402 -1 7200402 -1 7200402 -1 7200402 -1 7200402 -1 7402402 -1 7402402 -1 7402402 -1 7402402 -1 7402402 -1 7402402 -1 7402402 -1 7402402 -1 7402402 -1 7402402 -1 7402402 -1 7402402 -1 7402402 -1 7402402 -1 7402402 2400402 2400401 2400400 2400400 2400401 2400400 2400611 2400631 3400402 5400402 5400501 5400502 5400503 5400402 5400402 -1 7400402 -1 7400402 -1 7400402 -1 7400402 -1 7400402 -1 7400402 -1 7400402 -1 7400402 -1 7400402 -1 7400402 -1 7400402 -1 7400402 -1 7400402 -1 7400402 -1 7400402 -1 7400402 -1 7400402 -1 7400402 -1 7400402 -1 7400402 -1 7200400 -1 7200400 -1 7200400 -1 7200400 -1 7200400 -1 7200400 -1 7200400 -1 7200400 -1 7200400 -1 7200400 -1 7200400 -1 7200400 -1 7200400 -1 7200400 -1 7400402 -1 7400402 -1 7400402 -1 7400402 -1 7400402 -1 7400402 -1 7400402 -1 7400402 -1 7400402 -1 7400402 -1 7400402 -1 7400402 -1 7400402 -1 7400402 -1 7400402 1401402 1400402 1400402 1401402 2400402 2402611 2402631 3402402 3402402 5402501 5402502 5402503 3402402 3402402 3402402 3402402 3402402 3402402 3402402 3402402 3402402 3402402 -2
2200400 1200611 2200631 3200402 -1 4200631 2400611 2400631 3400402 -1 5400631 2611631 3402611 -1 4611631 3402631 -1 6631631 -2
2400400 2400402 2400402 2400401 2400402 2400401 2400402 2400400 2400501 2400502 2400503 2400631 6400400 -1 7400400 -1 7400400 -1 7400400 -1 7400400 -1 7400400 -1 7400400 -1 7400400 -1 7400400 -1 7400400 -1 7400400 -1 7400400 -1 7400400 -1 7400400 -1 7400400 -1 7200400 -1 7200400 -1 7200400 -1 7200400 -1 7200400 -1 7200400 -1 7200400 -1 7400400 -1 7400401 -1 7400400 -1 7400401 -1 7400400 -1 7400400 -1 7400400 -1 7400401 -1 7400400 -1 7400401 2400402 2400402 2400401 2400402 2400401 2400402 2400400 2400501 2400502 2400503 2400631 4400400 6400400 -1 7400400 -1 7400400 -1 7400400 -1 7400400 -1 7400400 -1 7400400 -1 7400400 -1 7400400 -1 7400400 -1 7400400 -1 7400400 -1 7400400 -1 7400400 -1 7200400 -1 7200400 -1 7200400 -1 7200400 -1 7200400 -1 7200400 -2
2400400 2400501 2400503 2400611 2400631 6400400 6400502 -1 7400402 -1 7400501 -1 7400502 -1 7400503 -1 7200400 -1 7200400 -1 7200400 -1 7200400 -1 7200400 -1 7200400 -1 7200400 -1 7200400 -1 7200400 -1 7200400 -1 7200400 -1 7200400 -1 7200400 -1 7400402 -1 7400400 -1 7400402 -1 7400402 -1 7400402 -1 7400402 -1 7400402 2400501 2400503 2400611 2400631 3400400 3400502 3400402 5400501 -2
2400402 2402402 2402501 2402503 2402502 -2
2400402 2400402 2402501 2402503 2402502 2402611 2402631 3401402 5402402 5402402 6401402 -1 7401402 -1 7402402 -1 7401402 -1 7402402 -1 7402402 -1 7401402 -1 7402402 -1 7402402 -1 7401402 -2
2401402 2401402 2401402 2401502 2401612 2401631 5401632 6401401 6401401 -1 7401401 -1 7401401 -1 7401401 -1 7401401 -1 7401401 -1 7401401 -1 7401401 -1 7401401 -1 7401401 -2
2401402 2401611 2401631 5200401 -2
1401402 1402502 2402631 3402632 4402632 1401502 2401631 3401632 4401632 2502631 3502632 4502632 6631632 -1 7631632 -1 6632632 -2
2400402 2400402 2400402 2400501 2400502 2400503 1400631 6400400 6400632 -1 7400400 -1 7400400 -1 7400400 -1 7400402 -1 7400400 -1 7400402 -1 7400402 -2
1400401 2401402 2401402 2401631 6400401 6401401 -1 7400401 -2
1200200 1200200 2200400 4200400 1200200 2200400 4200400 2200400 4200400 6400400 -2
