2101400 2101400 2101402 1101402 1101400 1101502 2101611 2101632 2101200 2101200 2101611 2101612 2101611 -1 2101611 3101402 3101400 3101631 3101400 3101402 3101612 4101400 3101632 3101611 3101612 -1 4101612 4101402 4101612 -1 4101612 -1 4101402 1401402 2401403 2400401 2400401 2401501 2401503 2401621 1200401 1200401 1200401 1200401 -1 1401611 -1 1401612 -1 1401611 -1 1401611 -1 6401402 -1 7400401 -1 7401631 -1 7400401 -1 7401402 -1 7401612 -1 7400401 -1 7401632 -1 7401611 -1 7401612 -1 7401612 -1 7401402 -1 7401612 -1 7401612 -1 7401402 1400400 1400402 2400402 2400400 2400502 1400611 1400632 1200400 1200400 1200400 1200400 1400611 1400612 1400611 -1 1400611 -1 4400402 -1 4400400 -1 4400631 -1 4400400 -1 4400402 -1 4400612 -1 6400400 -1 6400632 -1 7400611 -1 7400612 -1 7400612 -1 7400402 -1 7400612 -1 7400612 -1 7400402 1402403 2400402 2400402 2402501 2402503 2402621 1200402 1200402 1200402 1200402 1402611 1402612 1402611 -1 1402611 -1 4402402 -1 4400402 -1 4402631 -1 4400402 -1 4402402 -1 4402612 -1 6400402 -1 6402632 -1 7402611 -1 7402612 -1 7402612 -1 7402402 -1 7402612 -1 7402612 -1 7402402 1400402 2400402 2400400 2400502 2400611 1400632 1200400 1200400 1200400 1200400 1400611 1400612 1400611 -1 1400611 4400402 -1 4400400 -1 4400631 -1 4400400 -1 4400402 -1 4400612 -1 6400400 -1 6400632 -1 7400611 -1 7400612 -1 7400612 -1 7400402 -1 7400612 -1 7400612 -1 7400402 2400403 2400403 2403501 2403503 2403621 1200403 1200403 1200403 1200403 2403611 2403612 1403611 -1 1403611 4402403 4400403 4403631 4400403 4402403 -1 4403612 -1 6400403 -1 4403632 -1 4403611 -1 4403612 -1 6403612 -1 7402403 -1 7403612 -1 7403612 -1 7402403 2402402 2400402 2402502 2402611 2402632 1200402 1200402 1200402 1200402 2402611 2402612 1402611 -1 1402611 4402402 4400402 4402631 4400402 4402402 -1 4402612 -1 6400402 -1 4402632 -1 4402611 -1 4402612 -1 6402612 -1 7402402 -1 7402612 -1 7402612 -1 7402402 1400400 -2
1400403 1400403 1402403 1400403 1401403 1402403 1402403 1402403 1402403 1400403 1402403 1402403 6103403 4403611 -1 6200403 -1 6200403 -1 4403611 -1 4403612 -1 7403611 -1 7403611 1402402 1400402 1401402 1402402 1400402 1402403 1400402 1400402 1401402 1400402 1400402 2400402 6400402 6402621 -1 6200402 -1 6200402 -1 4402611 -1 4402612 -1 7402611 -1 7402611 1400400 1400402 1400400 1400401 1400402 1400402 1400402 1400402 1400400 1400402 1400402 6103400 4400611 -1 6200400 -1 6200400 -1 4400611 -1 4400612 -1 7400611 -1 7400611 1400402 1401402 1402402 1400402 1402403 1400402 1400402 1401402 1400402 1400402 2400402 6400402 6402621 -1 6200402 -1 6200402 -1 4402611 -1 4402612 -1 7402611 -1 7402611 1400402 1400400 1400401 1400402 1400402 -2
1400403 6103400 6200400 6200400 6200400 4400612 6400632 -1 4400612 1400403 6103400 6200400 6200400 6200400 -2
2200402 1200402 4200612 3200621 3200632 3200400 4200622 4200400 4200400 4200633 -2
4200402 6400402 2200611 -2
2200400 2200400 2200401 2200401 2200400 2200402 2200400 3200402 4200631 3200402 3200402 4200400 -2
4402402 4402402 -1 6402402 -1 4200402 -1 4200402 -1 4200402 -1 4200402 -1 4200402 -1 4200402 -1 4200402 -1 4200402 -1 4200402 -1 4200402 -1 4200402 2402402 -1 6402402 -1 7200402 -1 7200402 -1 7200402 -1 7200402 -1 7200402 -1 7200402 -2
1400403 2400400 6200400 6200400 6400402 -1 6400631 1400402 -2
1400402 4400611 4200400 4200400 4200400 -2
2200400 2200400 2200401 2200402 3200402 3200400 3200402 3200401 3200402 3200402 -2
1402403 1400402 4402402 4402611 -1 6402501 -1 4402402 -1 4402611 -1 4402611 -1 6402612 -1 7402402 -1 7402611 1400402 2400401 4400612 -1 6400502 -1 6400503 -1 4400612 -1 4400612 -1 6400402 -1 6400400 -1 7400611 1402403 2401403 4403612 -1 6403502 -1 6403503 -1 4403612 -1 4403612 -2
4200501 4200501 6400501 6501503 -2
2401402 2401402 2401401 4401612 -1 4400401 -1 4401611 -1 6401612 -1 6400401 -1 7401631 -1 7401611 -1 7401612 -1 7401612 -1 7401611 -1 7400401 -1 7401632 -1 7401631 -1 7401611 -1 7200401 -1 7200401 -1 7200401 -1 7200401 -1 7200401 -1 7200401 -1 7200401 -1 7200401 -1 7200401 -1 7200401 -1 7200401 -1 7200401 -1 7200401 -1 7200401 -1 7200401 -1 7200401 -1 7200401 -1 7200401 -1 7200401 -1 7401632 2400402 2400402 2400401 4400612 4400400 -1 4400611 -1 6400612 -1 6400400 -1 4400631 -1 7400611 -1 7400612 -1 7400612 -1 7400611 -1 7400400 -1 7400632 -1 7400631 -1 7400611 -1 7200400 -1 7200400 -1 7200400 -1 7200400 -1 7200400 -1 7200400 -1 7200400 -1 7200400 -1 7200400 -1 7200400 -1 7200400 -1 7200400 -1 7200400 -1 7200400 -1 7200400 -1 7200400 -1 7200400 -1 7200400 -1 7200400 -1 7400632 1402402 2400402 1402502 3402632 4400402 3402631 4402632 4400402 4402632 6402631 -1 6402611 -1 7402632 -1 7402631 -1 7402612 -1 7402611 -1 7402612 -1 7402612 -1 7200402 -1 7200402 -1 7200402 -1 7200402 -1 7200402 -1 7200402 -1 7200402 -1 7200402 -1 7200402 -1 7200402 -1 7200402 -1 7200402 -1 7200402 -1 7200402 -1 7200402 -1 7200402 -1 7200402 -1 7200402 -1 7200402 -1 7402632 2402402 2401402 3402612 3400402 -1 3402611 4402612 5400402 3402631 -1 4402611 4402612 -1 4402612 -1 6402611 -1 7400402 -1 7402632 -1 7402631 -1 7402611 -1 7200402 -1 7200402 -1 7200402 -1 7200402 -1 7200402 -1 7200402 -1 7200402 -1 7200402 -1 7200402 -1 7200402 -1 7200402 -1 7200402 -1 7200402 -1 7200402 -1 7200402 -1 7200402 -1 7200402 -1 7200402 -1 7200402 -1 7402632 1400402 2402502 3402632 3400402 3402631 3402632 3400402 3402632 4402631 4402611 4402632 4402631 4402612 -1 4402611 -1 4402612 -1 6402612 -1 6200402 -1 6200402 -1 6200402 -1 6200402 -1 6200402 -1 6200402 -1 6200402 -1 6200402 -1 6200402 -1 6200402 -1 6200402 -1 6200402 -1 6200402 -1 6200402 -1 6200402 -1 6200402 -1 6200402 -1 6200402 -1 6200402 -1 4402632 1400401 3400612 3400400 -1 3400611 3400612 5400400 3400631 -1 3400611 3400612 -1 4400612 4400611 4400400 4400632 4400631 4400611 -1 6200400 -1 6200400 -1 6200400 -1 6200400 -1 6200400 -1 6200400 -1 6200400 -1 6200400 -1 6200400 -1 6200400 -1 6200400 -1 6200400 -1 6200400 -1 6200400 -1 6200400 -1 6200400 -1 6200400 -1 6200400 -1 6200400 -1 4400632 2401502 3401632 3400401 3401631 3401632 3400401 3401632 3401631 3401611 3401632 4401631 4401612 4401611 4401612 -1 6401612 -1 6200401 -1 6200401 -1 6200401 -1 6200401 -1 6200401 -1 6200401 -2
2400502 3400612 4400611 6400501 6400503 4200400 4200400 4200400 4400612 6400631 1501502 4501612 4501611 -1 6501501 -1 6501503 -1 6200501 -1 6200501 -1 6200501 -1 4501612 -1 6501631 1502503 4502632 4502631 -1 6502502 -1 4502612 -2
4200631 3200402 3200402 -2
2400401 2401402 2400401 2400401 2401502 4401401 4401632 -1 6401401 -1 4401631 -1 6401632 -1 7401401 -1 7401632 -1 7401401 -1 7401631 -1 7401631 -1 7401632 -1 7401612 -1 7401632 2400401 2401402 2400401 2400401 2401502 4401401 4401632 -1 6401401 -1 4401631 -1 6401632 -1 7401401 -1 7401632 -1 7401401 -1 7401631 -1 7401631 -1 7401632 -1 7401612 -1 7401632 1400402 1400402 1400400 2400402 5200400 4400612 4400401 4400611 6400612 4400401 -1 6400631 -1 7400632 -1 7400401 -1 7400612 -1 7400611 -1 7400401 -1 7400401 -1 7400401 1402402 1400402 2402402 5200402 4402612 4401402 4402611 6402612 4401402 -1 4402631 -1 7402632 -1 7401402 -1 7402612 -1 7402611 -1 7401402 -1 7401402 -1 7401402 1400402 -2
2401402 2400401 2401402 2401402 2401502 2401503 6200401 4401611 4400401 4401401 -1 4401612 -1 6401401 -1 6400401 -1 7401401 -1 7401401 -1 7401402 -1 7401611 -1 7401612 -1 7401401 -1 7401401 -1 7401401 -1 7401401 -1 7401401 1400402 1400402 2402403 2400402 2402501 5200402 3401402 5402631 4401402 4400402 6402611 4400402 -1 4401402 -1 6402402 -1 4402402 -1 7402612 -1 7402402 -1 7402611 -1 7402402 -1 7401402 -1 7402402 -1 7402402 1400402 1400402 2402403 2400402 2402501 5200402 3401402 5402631 3401402 3400402 4402611 4400402 -1 4401402 -1 6402402 4402402 -1 4402612 -1 6402402 -1 7402611 -1 7402402 -1 7401402 -1 7402402 -1 7402402 1400400 1400402 2400402 2400502 2400503 5200400 3400611 3400400 4400401 3400612 -1 4400401 4400400 4400401 6400401 -1 4400402 -1 4400611 -1 6400612 -1 7400401 -1 7400401 -1 7400401 -1 7400401 -1 7400401 1400402 2400402 2400502 2400503 5200400 3400611 3400400 4400401 3400612 -1 4400401 4400400 4400401 6400401 -1 4400402 -1 4400611 -1 4400612 -1 7400401 -1 7400401 -1 7400401 -1 7400401 -1 7400401 2400403 2400400 2400501 5200400 -2
2200400 2200400 3200400 4200611 3200632 3200400 4200631 3200400 3200400 4200400 4200400 -2
2200402 2200611 2200631 2200611 1200632 2200612 2200402 2200611 -2
1400401 6401631 4200401 4401402 -1 4401402 -1 4401402 -1 6401402 4402402 4200402 4402402 4402402 -1 4402402 -2
4400400 6400631 4200400 4400400 -2
2402503 4402402 4401402 4402502 4402632 4200402 4200402 4200402 4401402 -1 4402633 -1 4402402 -1 6401402 -1 6402612 6101501 4401501 4400501 6501612 -1 4402501 -1 6200501 -1 6200501 -1 6200501 -1 7401501 -1 7501632 -1 7501611 -1 7402501 6101503 4401503 4400503 6503612 -1 4402503 -1 6200503 -1 6200503 -1 6200503 -1 7401503 -1 7503632 -1 7503611 -1 7402503 2101402 2101401 2101502 -2
1400403 1400403 6402403 6403501 4403611 4402403 4403632 4403631 4402403 4403632 -1 6403612 1400400 1400400 6400402 6400501 4400611 4400402 4400632 4400631 4400402 4400632 -1 6400612 1400400 6101400 4400502 4400503 4400631 -2
2200401 2200400 2200403 2200400 2200402 2200402 2200402 2200400 3200400 4200621 3200611 3200632 3200612 3200611 3200631 3200632 3200612 3200631 3200611 3200631 3200612 3200400 4200632 4200612 3200400 1401403 2401402 2401402 6101401 6401502 4401611 -1 4401612 -1 4401631 -1 4401612 -1 6401611 -1 7401612 -1 7401632 -1 7400401 1400400 2400402 -2
4200612 3200621 4200632 3200503 -2
1102402 1102502 2102611 2102401 1102621 1102611 1102401 1102200 1102200 2402402 2402502 1402611 1401402 2402621 2402611 -1 2401402 -1 2200402 -1 2200402 1402501 -2
1400402 2402402 4402631 4400402 -1 6200402 -1 6200402 -1 4402632 -1 4402631 -1 4402611 -1 7402622 1400402 1402402 4402631 4400402 6200402 6200402 4402632 4402631 -1 4402611 -1 4402622 1400400 4400611 6101400 4200400 4200400 4400621 -2
2400402 2400400 2400403 2400400 6400402 4400631 4400401 4400632 4400631 -1 4400632 -1 4400632 -1 4400611 -1 4400611 -1 6400612 -1 6400401 -1 7400402 -1 7400631 -1 7400612 -1 7400611 -1 7400631 -1 7400632 -1 7400611 -1 7400612 -1 7400502 -1 7200400 -1 7200400 -1 7200400 -1 7200400 -1 7400401 -1 7400400 -1 7400612 -1 7400402 -1 7400402 -1 7400611 -1 7400402 -1 7400503 1402402 1400402 2402402 2400402 3402611 5102402 3402612 3402611 3402612 3402631 -1 5402621 3402612 3402631 4402632 4401402 4402611 4401402 4402632 -1 4402612 -1 4402612 -1 4401402 -1 4402631 -1 6402632 -1 7200402 -1 7200402 -1 7200402 -1 7200402 -1 7402402 -1 7401402 -1 7402611 -1 7402402 -1 7401402 -1 7401402 -1 7402612 -1 7402501 1402402 1400402 2402402 2400402 3402611 5102402 3402612 3402611 3402612 3402631 -1 5402621 3402612 3402631 4402632 4401402 4402611 4401402 4402632 4402612 4402612 4401402 4402631 -1 6402632 -1 6200402 -1 6200402 -1 6200402 -1 6200402 -1 4402402 -1 6401402 -1 4402611 -1 6402402 -1 7401402 -1 7401402 -1 7402612 -1 7402501 1400402 2402403 2400402 3402402 3402631 3401402 3402632 3402631 3402632 -1 3402632 3402611 -1 3402611 4402612 3401402 -1 4402402 4402631 4402612 4402611 4402631 4402632 4402611 -1 4402612 -1 6402502 -1 6200402 -1 6200402 -1 6200402 -1 6200402 -1 6401402 -1 6400402 -1 6402612 -1 6402402 -1 7402402 -1 7402611 -1 7402402 -1 7402503 2400403 2400400 3400402 3400631 3400401 3400632 3400631 3400632 -1 3400632 3400611 -1 3400611 4400612 3400401 -1 4400402 4400631 4400612 4400611 4400631 4400632 4400611 -1 4400612 -1 6400502 -1 6200400 -1 6200400 -1 6200400 -1 6200400 -1 6400401 -1 6400400 -1 6400612 -1 6400402 -1 7400402 -1 7400611 -1 7400402 -1 7400503 2400402 2400400 3400611 5102400 3400612 3400611 3400612 3400631 -1 5400621 3400612 3400631 3400632 4400401 4400611 4400401 4400632 4400612 4400612 4400401 4400631 -1 6400632 -1 6200400 -1 6200400 -1 6200400 -1 6200400 -1 4400402 -1 6400401 -1 4400611 -1 4400402 -1 7400401 -1 7400401 -1 7400612 -1 7400501 1402403 2400403 3403611 5102403 3403612 3403611 3403612 3403631 -1 5403621 3403612 3403631 3403632 3401403 3403611 3401403 3403632 3403612 3403612 3401403 3403631 -1 5403632 5200403 5200403 5200403 5200403 4402403 4401403 3403611 -1 4402403 -1 4401403 -1 4401403 -1 6403612 -1 7403501 1400402 3402402 3402631 3401402 3402632 3402631 3402632 -1 3402632 3402611 -1 3402611 3402612 3401402 -1 3402402 3402631 3402612 3402611 3402631 3402632 3402611 -1 3402612 5402502 5200402 5200402 5200402 5200402 3401402 4400402 4402612 4402402 4402402 4402611 -1 6402402 -2
1400402 2400402 1400501 1400503 4400400 4400403 -1 6400632 -1 7200400 -1 7200400 -1 7200400 -1 7200400 2400400 1400501 1400502 6101400 4400631 -1 4400403 -1 7200400 -1 7200400 -1 7200400 -1 7200400 2400402 1402501 1402502 6101402 -2
2400403 2401403 2400403 2401403 2403403 6403631 -1 7402403 -1 7402403 -1 7403502 -1 7402403 -1 7402403 -1 7402403 -1 7402403 -1 7402403 -1 7402403 -1 7402403 -1 7403611 -1 7403621 -1 7402403 -1 7402403 -1 7403631 -1 7402403 -1 7403612 -1 7403631 -1 7403631 -1 7403632 -1 7200403 -1 7200403 -1 7200403 -1 7200403 -1 7200403 -1 7200403 -1 7200403 -1 7403611 -1 7401403 -1 7401403 -1 7402403 -1 7401403 -1 7402403 -1 7402403 -1 7403632 -1 7402403 2400402 2401402 2400402 2401402 2402403 5402631 -1 4402402 -1 6402402 -1 6402502 -1 6402402 -1 6402402 -1 7402402 -1 7402402 -1 7402402 -1 7402402 -1 7402402 -1 7402611 -1 7402621 -1 7402402 -1 7402402 -1 7402631 -1 7402402 -1 7402612 -1 7402631 -1 7402631 -1 7402632 -1 7200402 -1 7200402 -1 7200402 -1 7200402 -1 7200402 -1 7200402 -1 7200402 -1 7402611 -1 7401402 -1 7401402 -1 7402402 -1 7401402 -1 7402402 -1 7402402 -1 7402632 -1 7402402 2400402 2400400 2400400 2400400 4400611 5102400 4400612 6400501 6400503 4400611 -1 4400402 -1 4400402 -1 6400402 -1 6400611 -1 7400402 -1 7400612 -1 7400612 -1 7400632 -1 7400402 -1 7400611 -1 7400401 -1 7400631 -1 7400632 -1 7400611 -1 7400612 -1 7200400 -1 7200400 -1 7200400 -1 7200400 -1 7200400 -1 7200400 -1 7200400 -1 7400611 -1 7400612 -1 7400633 -1 7400402 -1 7400632 -1 7400633 -1 7400632 -1 7400633 -1 7400401 -1 7400401 1400402 1400402 1400402 3402611 5102402 3402612 5402501 5402503 4402611 3402402 -1 3402402 -1 4402402 4402611 4402402 4402612 -1 4402612 4402632 4402402 -1 4402611 -1 6401402 -1 4402631 -1 4402632 -1 4402611 -1 4402612 -1 6200402 -1 6200402 -1 6200402 -1 6200402 -1 6200402 -1 6200402 -1 6200402 -1 6402611 -1 7402612 -1 7402633 -1 7402402 -1 7402632 -1 7402633 -1 7402632 -1 7402633 -1 7401402 -1 7401402 1400401 1401401 1401403 4401631 3401402 3401402 5401502 3401402 3401402 3401402 -1 4401402 4401402 4401402 4401402 4401611 6401621 4401402 6401402 -1 4401631 -1 6401402 -1 4401612 -1 4401631 -1 4401631 -1 6401632 -1 6200401 -1 6200401 -1 6200401 -1 6200401 -1 6200401 -1 6200401 -1 6200401 -1 6401611 -1 7401401 -1 7401401 -1 7401402 -1 7401401 -1 7401402 -1 7401402 -1 7401632 -1 7401402 1400400 1400401 1400403 4400631 3400402 3400402 5400502 3400402 3400402 3400402 -1 4400402 4400402 4400402 4400402 4400611 6400621 4400402 6400402 -1 4400631 -1 6400402 -1 4400612 -1 4400631 -1 4400631 -1 6400632 -1 6200400 -1 6200400 -1 6200400 -1 6200400 -1 6200400 -1 6200400 -1 6200400 -1 6400611 -1 7400401 -1 7400401 -1 7400402 -1 7400401 -1 7400402 -1 7400402 -1 7400632 -1 7400402 1400400 1400400 3400611 5102400 3400612 5400501 5400503 3400611 3400402 -1 3400402 -1 4400402 4400611 4400402 4400612 -1 4400612 4400632 4400402 -1 4400611 -1 6400401 -1 4400631 -1 4400632 -1 4400611 -1 4400612 -1 6200400 -1 6200400 -1 6200400 -1 6200400 -1 6200400 -1 6200400 -1 6200400 -1 4400611 -1 7400612 -1 7400633 -1 7400402 -1 7400632 -1 7400633 -1 7400632 -1 7400633 -1 7400401 -1 7400401 1400400 3400611 5102400 3400612 5400501 5400503 3400611 3400402 -1 3400402 -1 4400402 4400611 4400402 4400612 -1 4400612 4400632 4400402 -1 4400611 -1 6400401 -1 4400631 -1 4400632 -1 4400611 -1 4400612 -1 6200400 -1 6200400 -1 6200400 -1 6200400 -1 6200400 -1 6200400 -1 6200400 -1 4400611 -1 7400612 -1 7400633 -1 7400402 -1 7400632 -1 7400633 -1 7400632 -1 7400633 -1 7400401 -1 7400401 1401403 4401631 3401402 3401402 5401502 3401402 3401402 3401402 -1 4401402 4401402 4401402 4401402 4401611 6401621 4401402 6401402 -1 4401631 -1 6401402 -1 4401612 -1 4401631 -1 4401631 -1 6401632 -1 6200401 -1 6200401 -1 6200401 -1 6200401 -1 6200401 -1 6200401 -1 6200401 -1 6401611 -1 7401401 -1 7401401 -1 7401402 -1 7401401 -1 7401402 -1 7401402 -1 7401632 -1 7401402 1400403 4400631 3400402 3400402 5400502 3400402 3400402 3400402 -1 3400402 4400402 4400402 4400402 4400611 6400621 4400402 4400402 4400631 6400402 4400612 -1 4400631 -1 4400631 -1 4400632 -1 6200400 -1 6200400 -1 6200400 -1 6200400 -1 6200400 -2
4200400 5400621 6400402 4400632 -1 6400632 1102612 -2
2402402 2402402 2402402 2402502 4400402 6400402 4400402 4400402 -1 4402632 -1 4400402 -1 6400402 -1 7400402 -1 7402632 -1 7200402 -1 7200402 -1 7200402 -1 7200402 -1 7400402 -1 7400402 -1 7402632 -1 7402631 -1 7400402 -1 7400402 2401403 2401401 2400401 5101401 5400401 3401631 3400401 4400401 4401631 4400401 4400401 -1 6400401 -1 6401632 -1 6200401 -1 6200401 -1 6200401 -1 6400401 -1 7401631 -1 7400401 -1 7400401 -1 7401632 -1 7400401 1402403 1401402 1400402 5101402 4400402 3402631 3400402 3400402 3402631 3400402 3400402 4400402 4402632 4200402 4200402 4200402 4400402 -1 4402631 -1 4400402 -1 6400402 -1 6402632 -1 6400402 1402403 1402403 2403502 3400403 5400403 3400403 3400403 3403632 -1 3400403 -1 3400403 -1 4400403 4403632 -1 4200403 4200403 4200403 4200403 4400403 -1 4400403 -1 4403632 -1 4403631 -1 6400403 -1 7400403 1402402 1402502 3400402 5400402 3400402 3400402 3402632 -1 3400402 -1 3400402 -1 4400402 3402632 -1 4200402 4200402 4200402 4200402 4400402 -1 4400402 -1 4402632 -1 4402631 -1 4400402 -1 6400402 1400401 5101401 4400401 3401631 3400401 3400401 -2
5101402 3402611 5402502 4402402 4402632 -1 6200402 6200402 6200402 6200402 6200402 6200402 6200402 6400402 6402632 -1 4402402 -1 7402402 4400400 3400631 5400612 5400621 4400631 6200400 6200400 6200400 6200400 6200400 6200400 4400402 6400402 4400402 -1 4400402 2101400 2101631 1101612 1101621 2101631 2101200 2101200 2101200 2101200 2101200 2101200 2101402 2101402 3101402 -1 3101402 1400611 2400502 1400402 1400632 -1 2200400 2200400 2200400 2200400 2200400 2200400 2200400 2400400 2400632 -1 7400402 -1 7400402 2502611 -2
1401402 4402503 4402611 6101402 6402621 -1 4401402 -1 4402631 -1 4402612 -1 6401402 -1 4402631 -1 6402632 4400501 4400502 4400631 4400612 4400632 4400611 4400611 -1 4400632 -1 4400611 -1 6400612 4401501 4401502 4401631 4401612 -2
6101402 6402501 6402502 4402631 4402402 4402632 -1 4402632 -1 6402611 -1 6402631 -1 4400402 -1 6402402 -1 7402402 -1 7200402 -1 7200402 -1 7200402 -1 7200402 -1 7200402 5101400 4400501 4400502 3400631 3400402 3400632 -1 3400632 5400611 5400631 3400400 4400402 -1 6400402 6200400 6200400 6200400 6200400 6200400 1101400 2101503 2101611 2101400 2101401 2101631 -1 2101400 2101402 2101400 2101402 3101400 4101401 4101200 4101200 4101200 4101200 4101200 2400503 2400611 2400400 2400401 2400631 -1 2400400 2400402 2400400 2400402 3400400 4400401 4200400 -2
2400402 2400401 6400502 -1 6101400 -1 4400401 -1 6400401 -1 6400400 -1 7400401 -1 7400402 -1 7400632 -1 7400400 -1 7400632 2402403 3400402 3402632 5402633 3400402 -1 3400402 -1 4400402 -1 4400402 -1 6400402 -1 7402402 -1 7402633 2402403 3400402 3402632 5402633 3400402 -1 3400402 -1 4400402 -2
6101400 6400621 4200400 4200400 6400632 5101401 5401621 -2
2401502 2401621 2200401 2200401 2200401 -2
1401402 4400402 6402621 -1 6400402 -1 7402402 -1 7200402 -1 7200402 1401402 4400402 6402621 6400402 -1 7402402 -2
4400402 4400402 3402632 -1 4402632 -1 4400402 6402631 -1 4400402 -1 6200402 -1 6200402 -1 6200402 2101400 2101400 2101632 -1 2101632 -1 2101400 1101631 3101400 4101200 4101200 4101200 2400402 2400621 1400631 -2
1101200 2101400 -2
2101200 2101200 2101501 1101612 2101623 1200200 1200200 -2
2200400 1200400 1200400 1200401 4200402 4200612 4200621 4200632 4200632 4200631 4200632 4200402 4200402 4200631 4200401 -2
4101200 4200612 3200621 -2
5400503 3400621 5400402 3400621 -1 4400621 -1 4400622 -1 4400621 -1 6400400 1501612 2200501 2501622 -1 2501622 -1 3501622 -1 3501621 -2
2200400 2200403 2200402 2200402 4200612 3200622 4200400 3200621 4200402 3200622 -1 3200622 3200402 3200621 4200622 4200402 -2
2200400 2200402 4200502 4200612 3200622 3200632 3200633 4200402 3200632 3200623 4200633 3200623 4200622 -2
2200400 4200612 -2
2200400 2200401 2200402 -2
2200400 2200400 2200400 2200400 2200400 4200612 3200621 4200402 3200622 3200400 3200621 -2
2200402 2200400 -2
3200612 4200621 -2
2200403 2200402 2200402 2200400 4200612 4200622 3200632 3200633 4200402 3200403 3200632 -2
4200612 -2
4200612 3200621 -2
2200503 4200612 3200622 3200632 3200633 3200623 3200633 3200622 3200622 4200632 3200623 3200622 3200623 4200622 -2
2200400 3200612 3200621 3200632 3200631 4200402 3200612 3200632 -1 3200632 3200631 4200612 3200632 3200621 -2
2200400 2200400 2200401 2200402 4200612 3200621 4200402 -2
2200403 4200612 3200622 3200632 3200623 3200633 3200622 3200623 3200622 -2
4200612 -2
4200612 3200622 -2
4200612 3200622 3200622 -1 3200622 3200621 3200622 3200621 3200622 3200621 3200621 -2
4200612 3200622 -2
2200402 2200402 2200402 2200400 2200400 2200400 2200400 2200400 2200400 2200400 2200400 2200400 2200400 2200400 2200400 2200400 2200400 2200400 2200400 2200400 2200400 2200400 2200400 2200400 2200400 2200400 2200400 2200400 2200400 2200400 2200400 2200400 2200400 2200400 2200400 2200400 2200400 2200400 2200400 2200400 2200400 2200400 2200400 2200400 2200400 2200400 2200400 2200400 2200400 2200400 2200400 2200400 2200400 2200400 2200400 2200400 2200400 2200400 2200400 2200400 2200400 2200400 2200400 2200400 2200400 2200400 2200400 2200400 2200400 2200400 2200400 2200400 2200400 2200400 2200400 2200400 2200400 2200400 2200400 2200400 2200400 2200400 2200400 2200400 2200400 2200400 2200400 2200400 2200400 2200400 2200400 2200400 2200400 2200400 2200400 2200400 2200400 2200400 2200400 2200400 2200400 2200401 2200403 2200402 2200400 2200400 2200402 2200400 2200403 2200400 2200400 2200402 2200400 2200403 2200400 2200402 2200400 2200403 2200400 2200402 2200400 2200403 2200400 2200402 2200400 2200403 2200400 2200402 2200400 2200403 2200400 2200402 2200400 2200403 2200400 2200402 2200400 4200612 3200622 3200400 4200400 4200400 4200401 4200402 4200402 4200402 4200403 3200623 3200622 4200623 1402402 1400402 1400402 1400402 1400402 1400402 1400402 1400402 1400402 1400402 1400402 1400402 1400402 1400402 1400402 1400402 1400402 1400402 1400402 1400402 1400402 1400402 1400402 1400402 1400402 1400402 1400402 1400402 1400402 1400402 1400402 1400402 1400402 1400402 1400402 1400402 1400402 1400402 1400402 1400402 1400402 1400402 1400402 1400402 1400402 1400402 1400402 1400402 1400402 1400402 1402403 1400402 1402402 1402403 1400402 1400402 1400402 1400402 1400402 1400402 1400402 1400402 1400402 1400402 1400402 1400402 1400402 1400402 4402622 6400402 6401402 6402402 6402403 -1 6402622 1402402 1400402 1400402 1400402 1400402 1400402 1400402 1400402 1400402 1400402 1400402 1400402 1400402 1400402 1400402 1400402 1400402 1400402 1400402 1400402 1400402 1400402 1400402 1400402 1400402 1400402 1400402 1400402 1400402 1400402 1400402 1400402 1400402 1400402 1400402 1400402 1400402 1400402 1400402 1400402 1400402 1400402 1400402 1400402 1400402 1400402 1400402 1400402 1400402 1400402 1402403 1400402 1402402 1402403 1400402 1400402 1400402 1400402 1400402 1400402 1400402 1400402 1400402 1400402 1400402 1400402 1400402 1400402 4402622 6400402 6401402 6402402 6402403 -1 6402622 1400402 1400402 1400402 1400402 1400402 1400402 1400402 1400402 1400402 1400402 1400402 1400402 1400402 1400402 1400402 1400402 1400402 1400402 1400402 1400402 1400402 1400402 1400402 1400402 1400402 1400402 1400402 1400402 1400402 1400402 1400402 1400402 1400402 1400402 1400402 1400402 1400402 1400402 1400402 1400402 1400402 1400402 1400402 1400402 1400402 1400402 1400402 1400402 1400402 1401402 1402402 1400402 1400402 1400402 1402402 1402403 1402402 1402403 1402402 1402403 1402402 1402403 1402402 1402403 1402402 1402403 1402402 6402612 6400402 6400402 6402402 6402402 -1 4402623 -1 7402623 1400400 1400400 1400400 1400400 1400400 1400400 1400400 1400400 1400400 1400400 1400400 1400400 1400400 1400400 1400400 1400400 1400400 1400400 1400400 1400400 1400400 1400400 1400400 1400400 1400400 1400400 1400400 1400400 1400400 1400400 1400400 1400400 1400400 1400400 1400400 1400400 1400400 1400400 1400400 1400400 1400400 1400400 1400400 1400400 1400400 1400400 1400400 1400400 1400401 1400402 1400400 1400400 1400400 1400402 1400403 1400402 1400403 1400402 1400403 1400402 1400403 1400402 1400403 1400402 1400403 1400402 6400612 6400400 6400400 6400402 6400402 -1 4400623 -1 7400623 1400400 1400400 1400400 1400400 1400400 1400400 1400400 1400400 1400400 1400400 1400400 1400400 1400400 1400400 1400400 1400400 1400400 1400400 1400400 1400400 1400400 1400400 1400400 1400400 1400400 1400400 1400400 1400400 1400400 1400400 1400400 1400400 1400400 1400400 1400400 1400400 1400400 1400400 1400400 1400400 1400400 1400400 1400400 1400400 1400400 1400400 1400400 1400400 1400403 1400400 1400402 1400403 1400400 1400400 1400400 1400400 1400400 1400400 1400400 1400400 1400400 1400400 1400400 1400400 1400400 1400400 4400622 6400400 6400401 6400402 6400403 -1 6400622 1400400 1400400 1400400 1400400 1400400 1400400 1400400 1400400 1400400 1400400 1400400 1400400 1400400 1400400 1400400 1400400 1400400 1400400 1400400 1400400 1400400 1400400 1400400 1400400 1400400 1400400 1400400 1400400 1400400 1400400 1400400 1400400 1400400 1400400 1400400 1400400 1400400 1400400 1400400 1400400 1400400 1400400 1400400 1400400 1400400 1400400 1400400 1400400 1400403 1400400 1400402 1400403 1400400 1400400 1400400 1400400 1400400 1400400 1400400 1400400 1400400 1400400 1400400 1400400 1400400 1400400 4400622 6400400 6400401 6400402 6400403 -1 6400622 1400400 1400400 1400400 1400400 1400400 1400400 1400400 1400400 1400400 1400400 1400400 1400400 1400400 1400400 1400400 1400400 1400400 1400400 1400400 1400400 1400400 1400400 1400400 1400400 1400400 1400400 1400400 1400400 1400400 1400400 1400400 1400400 1400400 1400400 1400400 1400400 1400400 1400400 1400400 1400400 1400400 1400400 1400400 1400400 1400400 1400400 1400400 1400401 1400402 1400400 1400400 1400400 1400402 1400403 1400402 1400403 1400402 1400403 1400402 1400403 1400402 1400403 1400402 1400403 1400402 6400612 6400400 6400400 6400402 6400402 -1 4400623 -1 7400623 1400400 1400400 1400400 1400400 1400400 1400400 1400400 1400400 1400400 1400400 1400400 1400400 1400400 1400400 1400400 1400400 1400400 1400400 1400400 1400400 1400400 1400400 1400400 1400400 1400400 1400400 1400400 1400400 1400400 1400400 1400400 1400400 1400400 1400400 1400400 1400400 1400400 1400400 1400400 1400400 1400400 1400400 1400400 1400400 1400400 1400400 1400401 1400402 1400400 1400400 1400400 1400402 1400403 1400402 1400403 1400402 1400403 1400402 1400403 1400402 1400403 1400402 1400403 1400402 6400612 6400400 6400400 6400402 6400402 -1 4400623 -1 7400623 1400400 1400400 1400400 1400400 1400400 1400400 1400400 1400400 1400400 1400400 1400400 1400400 1400400 1400400 1400400 1400400 1400400 1400400 1400400 1400400 1400400 1400400 1400400 1400400 1400400 1400400 1400400 1400400 1400400 1400400 1400400 1400400 1400400 1400400 1400400 1400400 1400400 1400400 1400400 1400400 1400400 1400400 1400400 1400400 1400400 1400400 1400403 1400400 1400402 1400403 1400400 1400400 1400400 1400400 1400400 1400400 1400400 1400400 1400400 1400400 1400400 1400400 1400400 1400400 4400622 6400400 6400401 6400402 6400403 -1 6400622 1400400 1400400 1400400 1400400 1400400 1400400 1400400 1400400 1400400 1400400 1400400 1400400 1400400 1400400 1400400 1400400 1400400 1400400 1400400 1400400 1400400 1400400 1400400 1400400 1400400 1400400 1400400 1400400 1400400 1400400 1400400 1400400 1400400 1400400 1400400 1400400 1400400 1400400 1400400 1400400 1400400 1400400 1400400 1400400 1400400 1400400 1400403 1400400 1400402 1400403 1400400 1400400 1400400 1400400 1400400 1400400 1400400 1400400 1400400 1400400 1400400 1400400 1400400 1400400 4400622 6400400 6400401 6400402 6400403 -1 6400622 1400400 1400400 1400400 1400400 1400400 1400400 1400400 1400400 1400400 1400400 1400400 1400400 1400400 1400400 1400400 1400400 1400400 1400400 1400400 1400400 1400400 1400400 1400400 1400400 1400400 1400400 1400400 1400400 1400400 1400400 1400400 1400400 1400400 1400400 1400400 1400400 1400400 1400400 1400400 1400400 1400400 1400400 1400400 1400400 1400400 1400401 1400402 1400400 1400400 1400400 1400402 1400403 1400402 1400403 1400402 1400403 1400402 1400403 1400402 1400403 1400402 1400403 1400402 6400612 6400400 6400400 6400402 6400402 -1 4400623 -1 7400623 1400400 1400400 1400400 1400400 1400400 1400400 1400400 1400400 1400400 1400400 1400400 1400400 1400400 1400400 1400400 1400400 1400400 1400400 1400400 1400400 1400400 1400400 1400400 1400400 1400400 1400400 1400400 1400400 1400400 1400400 1400400 1400400 1400400 1400400 1400400 1400400 1400400 1400400 1400400 1400400 1400400 1400400 1400400 1400400 1400401 1400402 1400400 1400400 1400400 1400402 1400403 1400402 1400403 1400402 1400403 1400402 1400403 1400402 1400403 1400402 1400403 1400402 6400612 6400400 6400400 6400402 6400402 -1 4400623 -1 7400623 1400400 1400400 1400400 1400400 1400400 1400400 1400400 1400400 1400400 1400400 1400400 1400400 1400400 1400400 1400400 1400400 1400400 1400400 1400400 1400400 1400400 1400400 1400400 1400400 1400400 1400400 1400400 1400400 1400400 1400400 1400400 1400400 1400400 1400400 1400400 1400400 1400400 1400400 1400400 1400400 1400400 1400400 1400400 1400400 1400403 1400400 1400402 1400403 1400400 1400400 1400400 1400400 1400400 1400400 1400400 1400400 1400400 1400400 1400400 1400400 1400400 1400400 4400622 6400400 6400401 6400402 6400403 -1 6400622 1400400 1400400 1400400 1400400 1400400 1400400 1400400 1400400 1400400 1400400 1400400 1400400 1400400 1400400 1400400 1400400 1400400 1400400 1400400 1400400 1400400 1400400 1400400 1400400 1400400 1400400 1400400 1400400 1400400 1400400 1400400 1400400 1400400 1400400 1400400 1400400 1400400 1400400 1400400 1400400 1400400 1400400 1400400 1400400 1400403 1400400 1400402 1400403 1400400 1400400 1400400 1400400 1400400 1400400 1400400 1400400 1400400 1400400 1400400 1400400 1400400 1400400 4400622 6400400 6400401 6400402 6400403 -1 6400622 -2
3200622 3200632 4200612 -2
2200402 2200400 4200402 4200612 -2
2200402 2200401 2200400 2200400 2200400 2200400 2200403 2200402 2200401 2200400 4200612 3200621 3200632 3200622 4200402 3200621 3200632 -1 3200632 3200622 3200621 3200622 3200621 -1 3200621 3200401 4200631 3200401 4200622 4200401 2400402 2400402 2402403 2401402 6103402 4402621 4402622 6402621 -1 6402632 -1 7402621 -1 7402621 -1 7401402 -1 7401402 -1 7401402 1400401 2400401 2401402 2400401 -2
1402402 6103402 6402621 4402403 -1 4200402 -1 6402632 -1 6402611 1400403 4403612 4403632 -2
6402612 4402632 -1 4401402 -1 6402402 -1 4402621 -1 6402621 -1 6402632 -1 7402631 -1 7402632 -1 7401402 -1 7402622 -1 7200402 -1 7200402 -1 7200402 -1 7200402 -1 7200402 1103612 2103632 -1 2103401 2103402 2103621 -1 2103621 3103632 3103631 3103632 -1 4103401 4103622 4103200 4103200 4103200 4103200 4103200 2612621 2612631 2402612 2612632 2612622 -1 3401612 3401612 3612621 4612631 4402612 4400612 4200612 4200612 4200612 4200612 4402612 1621631 2402621 1621632 -1 1621622 -1 4401621 -1 6401621 -1 7621621 -1 7621631 -2
6101400 6200400 6200400 4400400 4400502 4400622 6400633 -1 6400402 5101400 5200400 5200400 4400400 4400502 4400622 6400633 6400402 1101200 1101200 -2
2103402 2103621 2103401 2103622 2103200 2103200 2103200 2103402 2103622 3103621 4103631 1401402 1401621 1401401 1401622 -1 2200401 -1 2200401 -1 2200401 -1 2401402 -1 1401622 -1 6401621 -1 7401631 2402612 2402632 1401402 2200402 2200402 2200402 1402621 -1 2401402 -1 6401402 -1 7402621 -2
1400400 1400402 2400400 4103400 4400401 4400621 4400622 -1 4400402 -1 4102400 -1 4400402 -1 6102400 -1 6400402 -1 7200400 -1 7200400 -1 7400401 -1 7103400 -1 7400622 -1 7400402 1400402 1402402 2400402 4401402 6402612 4402632 4402622 6402621 -1 4103402 -1 6402631 -1 4401402 -1 6200402 -1 6200402 -1 6200402 -1 6401402 -1 7402402 -1 7402621 1400400 1400402 2400400 4400401 6400612 4400632 4400622 6400621 -1 4103400 -1 6400631 -1 4400401 -1 6200400 -1 6200400 -1 6200400 -1 6400401 -1 7400402 -1 7400621 1400402 1400400 4103400 4400401 4400621 4400622 -1 4400402 4102400 -1 4400402 -1 4102400 -1 4400402 -1 6200400 -1 6200400 -1 6400401 -1 6103400 -1 6400622 -2
4200402 4401402 6402612 4102402 4402622 4101402 4102402 -1 4402621 -1 6101402 2103200 2103401 2103612 1102103 -1 1103622 -1 1101103 -1 2102103 -1 1103621 -1 7101103 1200200 1200401 -2
1400402 1400402 1402402 1402403 1400402 6103402 4401402 4402621 -1 6402623 1400402 1400402 1402402 1402403 1401402 4200402 6402612 4402622 -2
4400403 6403621 -1 4200403 -1 4400403 2101400 -2
2101200 2101400 1101612 2101622 -1 1101400 1200400 1200400 -2
2200401 3200402 3200401 4200400 4200612 3200622 -2
2200402 2200402 2200402 2200400 2200401 2200401 2200503 4200612 -2
2200402 2200401 2200403 4200612 3200621 3200632 3200631 3200632 3200402 3200632 3200401 4200402 3200631 3200632 3200631 3200622 3200632 4200401 4200621 4200631 1402403 6402612 4402632 -1 4402632 -1 4402632 -2
1400401 1400402 6101400 4400612 4400632 -1 4400632 -1 6400632 -1 4200400 -1 4200400 1401401 1401402 6101401 4401612 4401632 -1 4401632 -1 6401632 -1 4200401 -1 4200401 1401402 -2
1101612 1101200 1101200 1101402 2101621 -1 1101621 2402621 1200402 1401402 -2
2200400 2200402 2200403 3200612 3200621 3200631 3200612 3200612 3200632 4200631 3200612 3200612 3200612 3200612 3200612 4200612 3200622 4200621 1400402 6101400 6400621 4400612 -2
2200401 2200402 2200402 2200402 2200400 2200403 2200401 4101200 3200622 4200632 4200612 3200401 3200623 3200401 3200401 3200401 3200622 3200623 3200401 3200622 3200623 3200401 3200622 3200401 4200623 4200401 4200502 2401402 2401402 2401403 2401502 4401622 -1 6401612 -1 6401623 -1 6401401 -1 7401622 -1 7401401 -1 7401623 -1 7401622 -1 7401623 -1 7401501 -1 7401503 1402402 2402403 2402502 4402622 6402612 4402623 4401402 -2
3102200 4200612 3200621 3200402 4200622 -2
2200400 2200401 2200401 2200400 4200612 3200621 3200622 4200402 3200401 3200621 4200622 3200401 1400401 1400400 6400612 4101400 -2
2200400 2200400 3200622 3200400 4200612 -2
2200401 2200501 4101200 -2
2200402 3200401 3200401 4200612 3200622 3200632 3200633 3200632 3200632 3200401 3200401 3200633 3200632 3200633 4200623 4200632 -2
2200402 2200400 2200400 2200400 2200402 2200403 3200502 4200612 3200622 3200402 3200621 4200622 3102200 3200402 3102200 -1 3103200 -1 3103200 3200402 1400402 2400402 2402403 6402502 4402622 -1 4402621 -1 6402622 -1 4102402 -1 6103402 -1 7102402 -1 7102402 -1 7102402 -1 7103402 1400400 1400403 6400502 4400622 4400621 -2
2200400 2200400 2200402 2200403 2200402 3200401 4200401 4200612 3200621 3200632 3200622 3200621 4200631 4200622 -2
3200400 3200402 4200612 3200622 3200632 3200402 3200623 3200633 3200400 3200622 3200632 3200632 3200402 3200623 4200633 4200400 4200622 2102402 1102612 2102632 -2
2200402 4102200 3200402 3200402 4200612 4200622 3200402 3200402 3200402 3200402 4200402 4200502 1402502 -2
2200403 2200400 2200401 2200401 2200402 4102200 3200400 3200612 4200621 3200402 3200611 3200401 3200612 3200400 3200611 3200612 4200400 4200502 3200612 3200611 -1 4200611 1401403 1402403 6102403 4403612 -1 4402403 -1 4401403 -1 4400403 -1 4403612 -1 6403501 -1 6403503 -2
2200401 2200402 2200400 2200400 2200401 4200502 4200612 3200621 3200400 3200622 3200401 3200402 3200621 3200402 3200622 3200402 3200402 3200403 3200402 3200402 3200402 4200403 4200621 1400401 1401401 6401502 4401621 -1 4401622 -1 4401402 -1 4401402 -1 4401402 -1 6401403 -2
3200400 3200400 3200400 3200612 3200621 3200400 3200622 3200400 3200621 3200400 3200622 4200621 4200400 -2
2200402 2200400 2200400 2200401 2200401 3200402 4200612 4200621 -2
1402403 6200402 6200402 6402502 4402621 -1 4402621 -1 6402622 -1 7402402 6200402 6200402 4402402 6402612 4402622 -1 4402621 -1 6402622 6200403 -2
2200400 3200400 3200401 -2
2200401 3200400 3200402 4200612 3200622 3200401 3200400 3200402 3200621 3200401 4200622 3200400 3200400 3200401 4200400 4200402 -2
2200400 2200403 3103200 3200402 4200402 4200612 3103200 3200402 -1 3102200 3200402 2400403 -2
2200402 2200401 2200402 4200612 4200622 3200632 3200401 3200401 4200633 3103200 -1 3103200 4200401 4103200 2402402 6402612 4402632 -2
2200400 2200400 2200403 2200401 2200401 2200400 2200402 2200402 2200501 3102200 4200612 3200622 3102200 -1 3102200 -1 4101200 4200621 2400403 2400401 2400402 2400502 2400503 6400612 4101400 -1 4101400 -2
1400400 2400402 6400612 -1 4400401 -1 4400621 -1 6200400 -1 6200400 -1 4400622 -1 7400401 -1 7400401 -1 7400401 1400402 6102402 4402622 -1 6400402 -1 6200402 -1 6200402 -1 4401402 -1 6402622 -1 6401402 -1 7401402 1400400 6102400 4400622 6400400 6200400 6200400 -1 4400401 -2
2101501 2101621 2101622 3101632 3101633 3101623 -1 3101623 4101632 4101200 4101200 4101200 4101200 4101200 4101200 4101200 1502503 2503632 2503633 -1 3503623 3503622 -1 3503622 -1 4503622 6503623 6200503 6200503 6200503 6200503 6200503 6200503 1501502 2501632 2501633 -1 3501623 3501622 -1 3501622 -1 4501622 6501623 6200501 6200501 6200501 6200501 6200501 6200501 2502621 2502622 3502632 -2
1101612 2101621 -1 4101200 -2
4200612 4200622 -2
5502612 6200502 -2
4102400 6400503 6400612 6400631 -1 4103400 -1 6400402 -1 4102400 -1 6400402 -1 4102400 -1 6400622 -1 7102400 -1 7200400 4402501 4402502 4402621 4402622 4402402 4402621 4103402 4402622 4402621 -1 4102402 -1 6200402 2102501 2102502 1102621 1102622 1102402 1102621 -1 1102103 -2
2200402 3200400 3200400 4200612 3200621 3200632 4200622 -2
2200402 2200402 2200400 2200400 2200400 2200402 2200403 2200400 2200401 4200612 3200622 3200402 3200402 3200621 3200402 3200622 3200621 3200622 3200621 -1 3200622 -1 3200622 3200402 3200621 4200622 4200402 1400402 2400402 2402403 2401402 6402612 4402402 -1 4402621 -1 4402622 -1 4402622 -1 6402622 -1 7402402 -1 7402622 -2
2502612 1612632 3503612 4200612 4200612 4200612 4612621 2621622 -1 7501621 -1 7621622 -2
4401402 4401502 4401503 6102401 4401402 4401622 -1 6401621 -1 6200401 -1 6200401 1101402 2101502 2101503 2101102 -1 1101402 -1 2101622 -1 7101621 -1 7101200 -1 7101200 2402402 -2
3200400 3200400 3200503 4200612 3200622 3200621 3200400 3200400 4200622 4200400 4200503 -2
1400400 6101400 4400632 -1 4400400 -1 6400400 -1 6400400 -1 7200400 -1 7200400 1400402 4400400 4400400 -1 4400633 -1 6400633 -2
2101401 2101503 1101612 2101633 -1 3101401 -1 4101200 1401501 -2
2200402 2200400 4200501 4200503 4200612 4200631 3200401 3200401 -1 3200401 3200401 3200401 4200401 4200401 -2
2200402 3200501 3200502 4200612 3200401 -2
4101200 4200633 -2
3200612 4200621 3200631 3200611 3200611 3200612 3200612 3200611 4200612 -2
