2101401 2101400 2101402 2101400 2101403 2101402 1101400 1101402 1101400 1101400 1101501 1101502 1101503 2101611 1101621 2101632 2101200 2101200 2101200 2101200 2101612 2101611 1101402 2101612 2101631 2101611 2101612 2101611 2101632 3101402 3101612 3101400 3101611 3101631 3101612 3101400 3101611 3101402 3101612 3101612 3101402 4101400 3101611 3101632 3101612 3101611 4101631 3101612 4101611 4101612 4101400 4101402 4101611 4101612 4101611 4101612 4101611 4101402 1400401 1401402 1400401 2401403 2401402 2400401 2401402 2400401 2400401 2401501 2401502 2401503 1401611 2401621 1401632 1200401 1200401 1200401 1200401 1401612 1401611 2401402 1401612 1401631 1401611 1401612 1401611 2401632 6401402 6401612 1400402 1400400 1400403 1400402 2400400 2400402 2400400 2400400 2400501 2400502 2400503 1400611 2400621 1400632 1200400 1200400 1200400 1200400 1400612 1400611 2400402 1400612 1400631 1400611 1400612 1400611 1400632 4400402 4400612 4400400 4400611 4400631 4400612 4400400 4400611 4400402 4400612 4400612 6400402 6400400 6400611 6400632 1400402 1402403 1402402 2400402 2402402 2400402 2400402 2402501 2402502 2402503 1402611 2402621 1402632 1200402 1200402 1200402 1200402 1402612 1402611 2402402 1402612 1402631 1402611 1402612 1402611 1402632 4402402 4402612 4400402 4402611 4402631 4402612 4400402 4402611 4402402 4402612 4402612 6402402 6400402 6402611 6402632 1400403 1400402 2400400 2400402 2400400 2400400 2400501 2400502 2400503 2400611 2400621 1400632 1200400 1200400 1200400 1200400 1400612 1400611 2400402 1400612 1400631 1400611 1400612 1400611 1400632 4400402 4400612 4400400 4400611 4400631 4400612 4400400 4400611 4400402 4400612 4400612 6400402 6400400 6400611 6400632 1402403 2400403 2402403 2400403 2400403 2403501 2403502 2403503 2403611 2403621 2403632 1200403 1200403 1200403 1200403 2403612 2403611 2402403 2403612 1403631 1403611 1403612 1403611 1403632 4402403 4403612 4400403 4403611 4403631 4403612 4400403 4403611 4402403 4403612 4403612 4402403 6400403 4403611 4403632 4403612 4403611 6403631 4403612 4403611 6403612 2400402 2402402 2400402 2400402 2402501 2402502 2402503 2402611 2402621 

1402403 1400403 1402403 1400403 1400403 1402403 1401403 1400403 1402403 1401403 1400403 1402403 1403403 1402403 1400403 1402403 1400403 1402403 1401403 1400403 1400403 1402403 1400403 1402403 2400403 6103403 6400403 4403611 6403621 6200403 6200403 4403612 4403611 6402403 4403612 6403612 1400402 1402402 1400402 1400402 1402402 1401402 1400402 1402402 1401402 1400402 1402402 1402403 1402402 1400402 1402402 1400402 1402402 1401402 1400402 1400402 1402402 1400402 1402402 2400402 6103402 6400402 4402611 6402621 6200402 6200402 4402612 4402611 6402402 4402612 6402612 1400402 1400400 1400400 1400402 1400401 1400400 1400402 1400401 1400400 1400402 1400403 1400402 1400400 1400402 1400400 1400402 1400401 1400400 1400400 1400402 1400400 1400402 2400400 6103400 6400400 4400611 6400621 6200400 6200400 4400612 4400611 6400402 4400612 6400612 1400402 1400402 1402402 1401402 1400402 1402402 1401402 1400402 1402402 1402403 1402402 1400402 1402402 1400402 1402402 1401402 1400402 1400402 1402402 1400402 1402402 2400402 6103402 6400402 4402611 6402621 6200402 6200402 4402612 4402611 6402402 4402612 6402612 1400400 1400402 1400401 1400400 1400402 1400401 

1400400 1400403 1400402 6103400 6200400 6200400 6200400 6400402 4400612 6400621 6400632 4400611 4400612 6400611 1400403 1400402 6103400 6200400 6200400 6200400 6400402 

2200402 1200402 4200612 3200621 3200632 3200400 4200502 4200622 4200400 4200400 4200633 4200632 4200400 1402402 6402612 4402621 4402632 4400402 

4200402 6402611 

2200400 2200400 2200401 2200401 2200400 2200402 2200400 2200502 3200402 4200631 3200402 3200402 4200400 3200402 1400400 1400401 1400401 1400400 1400402 1400400 2400502 

3402402 4402402 4402402 4402402 6402402 6402402 4200402 4200402 4200402 4200402 4200402 4200402 4200402 4200402 4200402 4200402 4200402 1402402 2402402 2402402 6402402 2402402 2402402 6402402 1402402 6402402 6402402 4200402 4200402 4200402 4200402 4200402 4200402 4200402 4200402 4200402 

1400402 1400403 2400400 2400400 6200400 6200400 6400611 6400402 4400632 6400631 1402403 

1400401 1400402 6400400 4400611 4200400 4200400 4200400 

2200400 2200400 2200401 2200402 3200402 3200400 3200402 3200401 3200402 3200402 3200400 3200401 4200402 1400400 1400401 1400402 4400402 4400400 

1400402 1402403 1402402 1400402 2401402 4402402 4402612 4402611 6402502 6402501 6402503 4402402 4402612 4402611 4402612 4402611 6402402 6402612 6400402 1400403 1400402 1400400 2400401 4400402 4400612 4400611 6400502 6400501 6400503 4400402 4400612 4400611 4400612 4400611 6400402 6400612 6400400 1402403 1400403 2401403 4402403 4403612 4403611 6403502 

1501503 4200501 4200501 6400501 6501501 

1400401 2401402 2401402 2401402 2400401 2401401 2401502 4401612 4401632 4400401 4400401 4401611 4401631 6401612 6401632 6400401 2400402 2400402 2400402 2400400 2400401 2400502 4400612 4400632 4400400 4400400 4400611 4400631 6400612 4400632 6400400 6400400 4400631 6400632 1402402 2402402 2400402 2401402 1402502 3402612 3402632 3400402 4400402 3402611 3402631 4402612 4402632 5400402 4400402 4402631 4402632 4402611 6402631 4402612 6402611 2402402 2400402 2401402 1402502 3402612 3402632 3400402 3400402 3402611 3402631 4402612 3402632 5400402 4400402 3402631 4402632 4402611 4402631 4402612 4402611 4402612 4402632 6402611 6402631 1400402 1401402 2402502 3402612 3402632 3400402 3400402 3402611 3402631 3402612 3402632 5400402 3400402 3402631 3402632 3402611 4402631 3402612 4402611 4402612 4402632 4402611 4402631 4400402 4402612 4402632 4402611 4402631 4402612 4402611 6402612 6200402 6200402 6200402 6200402 6200402 6200402 6200402 6200402 6200402 6200402 6200402 6200402 6200402 6200402 6200402 6200402 6200402 6200402 6200402 6400402 4402632 6402631 1400401 2400502 3400612 3400632 3400400 3400400 3400611 3400631 3400612 3400632 5400400 3400400 3400631 3400632 3400611 3400631 3400612 3400611 4400612 4400632 4400611 4400631 4400400 4400612 4400632 4400611 4400631 4400612 4400611 6400612 6200400 6200400 6200400 6200400 6200400 6200400 6200400 6200400 6200400 6200400 6200400 6200400 6200400 6200400 6200400 6200400 6200400 6200400 6200400 6400400 4400632 6400631 2401502 3401612 3401632 

2400501 2400502 2400503 3400612 3400632 4400611 4400631 6400501 6400502 6400503 4400612 4200400 4200400 4200400 4200400 4200400 4400611 4400612 4400632 6400631 6400611 1501502 1501503 4501612 4501632 4501611 4501631 6501501 6501502 6501503 4501612 6200501 6200501 6200501 6200501 6200501 4501611 4501612 4501632 6501631 6501611 1502503 4502612 4502632 4502611 4502631 

4200631 3200402 

1401401 2400401 2401402 2401402 2401402 2400401 2400401 2400401 2401402 2401502 6200401 4401401 4401612 4401632 6401401 6401401 4401611 4401631 6401612 6401632 2400401 2401402 2401402 2401402 2400401 2400401 2400401 2401402 2401502 6200401 4401401 4401612 4401632 4401401 6401401 4401611 4401631 6401612 6401632 6401401 1400402 1400402 1400402 1400400 1400400 2400400 2400402 2400502 5200400 4400401 4400612 4400632 4400401 6400401 4400611 4400631 6400612 4400632 4400401 6400401 6400631 1402402 1402402 1400402 1400402 2400402 2402402 2402502 5200402 3401402 4402612 4402632 4401402 5401402 4402611 4402631 6402612 4402632 4401402 6401402 4402631 6402632 1402402 1400402 1400402 2400402 2402402 2402502 5200402 3401402 4402612 4402632 4401402 5401402 4402611 4402631 6402612 4402632 4401402 6401402 4402631 6402632 1400402 1400402 2400402 2402402 2402502 5200402 3401402 4402612 4402632 4401402 5401402 4402611 4402631 6402612 4402632 4401402 6401402 4402631 6402632 1400400 2400400 2400402 2400502 5200400 3400401 4400612 4400632 4400401 5400401 4400611 4400631 6400612 4400632 4400401 6400401 4400631 4400632 6400632 2400400 2400402 2400502 5200400 3400401 4400612 4400632 4400401 5400401 4400611 4400631 6400612 4400632 4400401 6400401 4400631 4400632 6400632 1400402 1400502 4200400 3400401 3400612 3400632 3400401 4400401 3400611 3400631 4400612 3400632 

2401402 2401402 2400401 2400401 2400401 2401402 2401403 2401402 2400401 2401502 2401501 2401503 6200401 6200401 4401401 4401611 6401631 4400401 4401401 4401401 4400401 4401612 6401611 6401401 4400401 6400401 6401401 1402402 1400402 1400402 1400402 1402402 2402403 2402402 2400402 2402502 2402501 2402503 5200402 5200402 3401402 3402611 5402631 3400402 4401402 4401402 4400402 4402612 6402611 4401402 4400402 4400402 4401402 4401402 6402402 6401402 4402402 6402402 1400402 1400402 1400402 1402402 2402403 2402402 2400402 2402502 2402501 2402503 5200402 5200402 3401402 3402611 5402631 3400402 3401402 4401402 3400402 3402612 4402611 4401402 4400402 4400402 4401402 4401402 6402402 6401402 4402402 4402402 4402612 4402611 6402402 6402612 1400400 1400400 1400402 2400403 2400402 2400400 2400502 2400501 2400503 5200400 5200400 3400401 3400611 5400631 3400400 3400401 4400401 3400400 3400612 4400611 4400401 4400400 4400400 4400401 4400401 6400402 6400401 4400402 4400402 4400612 4400611 6400402 6400612 1400400 1400402 2400403 2400402 2400400 2400502 2400501 2400503 5200400 5200400 3400401 3400611 5400631 3400400 3400401 4400401 3400400 3400612 4400611 4400401 4400400 4400400 4400401 4400401 6400402 6400401 4400402 4400402 4400612 4400611 6400402 4400612 6400611 1400402 2400403 2400402 2400400 2400502 2400501 2400503 5200400 5200400 3400401 3400611 5400631 3400400 3400401 4400401 3400400 3400612 4400611 4400401 4400400 4400400 4400401 4400401 6400402 6400401 4400402 4400402 4400612 4400611 6400402 4400612 6400611 2402403 2402402 2400402 2402502 2402501 2402503 5200402 5200402 3401402 3402611 5402631 3400402 3401402 3401402 3400402 3402612 4402611 4401402 3400402 4400402 4401402 4401402 6402402 4401402 4402402 4402402 4402612 4402611 4402402 4402612 6402611 6401402 1402403 2400403 2403502 2403501 2403503 5200403 5200403 3401403 3403611 5403631 3400403 3401403 3401403 3400403 3403612 3403611 3401403 3400403 3400403 3401403 3401403 4402403 3401403 3402403 3402403 3403612 3403611 3402403 3403612 5403611 4401403 4402403 4401403 4401403 4401403 6402403 4401403 4402403 6401403 1400402 1402502 1402501 1402503 4200402 4200402 3401402 3402611 5402631 3400402 3401402 3401402 3400402 3402612 3402611 3401402 3400402 3400402 3401402 3401402 4402402 3401402 3402402 3402402 3402612 3402611 3402402 3402612 5402611 3401402 3402402 4401402 4401402 4401402 6402402 4401402 4402402 4401402 1400502 1400501 1400503 4200400 4200400 3400401 3400611 5400631 3400400 3400401 3400401 3400400 3400612 3400611 3400401 3400400 3400400 3400401 3400401 3400402 3400401 3400402 3400402 3400612 3400611 3400402 3400612 5400611 3400401 3400402 3400401 3400401 3400401 5400402 4400401 4400402 4400401 1501502 1502503 4200502 4200502 3401502 3502611 5502631 3400502 3401502 3401502 3400502 3502612 3502611 3401502 3400502 3400502 3401502 

2200400 2200400 2200502 3200400 4200611 3200632 3200400 4200631 3200400 3200400 4200400 4200400 4200501 4200503 1400400 1400502 4400400 6400611 4400632 4400400 6400631 

1200200 2200402 2200611 2200631 2200611 1200632 2200612 2200402 2200611 1200612 2200402 2200402 2200611 

1401402 1400401 4401402 6401631 4200401 4200401 4401402 4401402 4401402 4401402 4401402 4401402 4401402 6401402 1400402 4402402 6402631 4200402 4200402 4402402 4402402 

6101400 4400400 4400611 6400631 6400612 4200400 4200400 4400400 4400400 

2402501 2402503 5101402 4402402 4401402 4401402 4400402 4402502 4402612 4402632 4402402 4200402 4200402 4200402 4200402 4200402 4200402 4401402 4401402 4402633 6402632 4402402 4402611 6401402 6402402 6402612 1501503 6101501 4402501 4401501 4401501 4400501 6501502 6501612 6501632 4402501 6200501 6200501 6200501 6200501 6200501 6200501 4401501 6101503 4402503 4401503 4401503 4400503 6502503 6503612 6503632 4402503 6200503 6200503 6200503 6200503 6200503 6200503 4401503 2101402 2101401 2101401 2101400 2101502 2101612 2101632 2101402 2101200 2101200 2101200 2101200 2101200 2101200 2101401 3101401 3101633 4101632 3101402 3101611 4101401 4101402 4101612 1401402 1401402 1400402 2402502 2402612 2402632 1402402 2200402 2200402 2200402 2200402 2200402 2200402 1401402 6401402 1401401 1400401 2401502 2401612 1401632 1401402 2200401 2200401 2200401 2200401 2200401 2200401 1401401 6401401 4401633 6401632 1400401 2401502 2401612 1401632 1401402 2200401 2200401 2200401 2200401 2200401 2200401 1401401 6401401 4401633 6401632 2400502 2400612 1400632 1400402 2200400 2200400 2200400 2200400 2200400 2200400 1400401 6400401 4400633 6400632 1502612 1502632 1402502 1200502 1200502 1200502 1200502 1200502 1200502 1401502 4401502 4502633 6502632 4402502 4502611 6401502 6402502 6502612 1612632 1402612 1200612 1200612 1200612 1200612 1200612 1200612 1401612 4401612 4612633 6612632 

1400403 1400403 1400403 1400403 6101403 6402403 6403502 6403501 6403503 4403611 4403631 4402403 4403612 4403632 4403611 4403631 4403612 4402403 4403611 4403632 6403631 6403612 6402403 1400400 1400400 1400400 6101400 6400402 6400502 6400501 6400503 4400611 4400631 4400402 4400612 4400632 4400611 4400631 4400612 4400402 4400611 4400632 6400631 6400612 6400402 1400400 1400400 6101400 4400402 4400502 4400501 4400503 4400611 4400631 4400402 

2200401 2200400 2200403 2200400 2200402 2200402 2200402 2200400 4101200 3200400 3200502 4200621 3200611 3200632 3200612 3200611 3200631 3200632 3200612 3200631 3200611 3200631 3200612 3200400 4200632 4200612 3200400 1400401 1401403 2400401 2401402 2401402 2401402 2400401 6101401 6400401 6401502 6401621 4401611 4401632 4401612 4401611 4401631 4401632 4401612 4401631 6401611 6401631 1400403 1400400 2400402 2400402 2400402 2400400 6101400 6400400 6400502 6400621 4400611 4400632 4400612 4400611 4400631 4400632 4400612 4400631 6400611 6400631 1400403 2402403 2402403 2402403 2400403 6101403 6400403 6403502 6403621 4403611 4403632 4403612 4403611 4403631 4403632 4403612 4403631 6403611 6403631 1400402 2400402 2400402 2400400 5101400 4400400 5400502 5400621 4400611 4400632 4400612 4400611 4400631 4400632 4400612 4400631 4400611 4400631 4400612 4400400 6400632 6400612 6400400 1402402 1402402 1400402 5101402 4400402 4402502 5402621 3402611 3402632 3402612 4402611 3402631 4402632 4402612 4402631 4402611 4402631 4402612 4400402 6402632 6402612 4400402 1402402 1400402 5101402 

4200612 3200621 4200632 3200501 3200503 3200502 3200622 

2102402 1102402 1102501 1102502 1102503 2102611 2102631 2102401 2102612 1102621 2102632 1102611 1102631 1102401 1102402 1102200 1102200 1102200 1102200 2402402 2402501 2402502 2402503 1402611 1402631 1401402 1402612 2402621 1402632 2402611 2402631 2401402 2402402 2200402 2200402 2200402 2200402 1402501 

1402402 1400402 2400402 2402402 4402611 4402631 6101402 4400402 6200402 6200402 6200402 6200402 6402621 4402632 4402612 4402631 6402632 4402611 6402612 1400402 1400402 1402402 4402611 4402631 6101402 4400402 6200402 6200402 6200402 6200402 4402621 4402632 4402612 4402631 6402632 4402611 6402612 4402622 6402621 1400400 1400402 4400611 4400631 6101400 

2400402 2400402 2400402 2400400 2400400 2400403 2400402 2400400 2400400 6400402 4400611 4400631 6102400 4400401 4400612 4400632 4400611 4400631 4400612 4400632 4400631 4400632 6400621 4400611 4400612 4400611 4400631 6400612 6400632 6400401 1402402 1402402 1400402 1400402 2402403 2402402 2400402 2400402 4402402 3402611 3402631 5102402 3401402 3402612 3402632 3402611 3402631 3402612 3402632 3402631 3402632 5402621 3402611 3402612 3402611 3402631 4402612 4402632 4401402 4401402 4402402 4402611 4402631 4401402 4402612 4402632 4402611 4402612 4402631 4402612 4402632 4401402 4402611 4402631 4402612 6402632 6402502 1402402 1400402 1400402 2402403 2402402 2400402 2400402 3402402 3402611 3402631 5102402 3401402 3402612 3402632 3402611 3402631 3402612 3402632 3402631 3402632 5402621 3402611 3402612 3402611 3402631 4402612 4402632 3401402 4401402 4402402 4402611 4402631 4401402 4402612 4402632 4402611 4402612 4402631 4402612 4402632 4401402 4402611 4402631 4402612 6402632 6402502 6200402 6200402 6200402 6200402 6200402 6200402 6200402 6200402 4402402 6401402 6401402 6400402 4402611 6402612 6402402 1400402 1400402 2402403 2402402 2400402 2400402 3402402 3402611 3402631 5102402 3401402 3402612 3402632 3402611 3402631 3402612 3402632 3402631 3402632 5402621 3402611 3402612 3402611 3402631 4402612 4402632 3401402 4401402 4402402 4402611 4402631 4401402 4402612 4402632 4402611 4402612 4402631 4402612 4402632 4401402 4402611 4402631 4402612 6402632 6402502 6200402 6200402 6200402 6200402 6200402 6200402 6200402 6200402 4402402 6401402 6401402 6400402 4402611 6402612 4402402 6402402 1400400 2400403 2400402 2400400 2400400 3400402 3400611 3400631 5102400 3400401 3400612 3400632 3400611 3400631 3400612 3400632 3400631 3400632 5400621 3400611 3400612 3400611 3400631 4400612 4400632 3400401 4400401 4400402 4400611 4400631 4400401 4400612 4400632 4400611 4400612 4400631 4400612 4400632 4400401 4400611 4400631 4400612 6400632 6400502 6200400 6200400 6200400 6200400 6200400 6200400 6200400 6200400 4400402 6400401 6400401 6400400 4400611 6400612 4400402 6400402 2400403 2400402 2400400 2400400 3400402 3400611 3400631 5102400 3400401 3400612 3400632 3400611 3400631 3400612 3400632 3400631 3400632 5400621 3400611 3400612 3400611 3400631 3400612 3400632 3400401 4400401 4400402 4400611 4400631 4400401 4400612 4400632 4400611 4400612 4400631 4400612 4400632 4400401 4400611 4400631 4400612 6400632 6400502 6200400 6200400 6200400 6200400 6200400 6200400 6200400 6200400 4400402 6400401 6400401 6400400 4400611 6400612 4400402 6400402 1402403 2400403 2400403 3402403 3403611 3403631 5102403 3401403 3403612 3403632 3403611 3403631 3403612 3403632 3403631 3403632 5403621 3403611 3403612 3403611 3403631 3403612 3403632 3401403 3401403 3402403 3403611 3403631 3401403 3403612 3403632 3403611 3403612 3403631 3403612 3403632 3401403 3403611 3403631 3403612 5403632 5403502 5200403 5200403 5200403 5200403 5200403 5200403 5200403 5200403 4402403 4401403 4401403 4400403 3403611 4403612 4402403 4402403 4401403 4402403 4401403 4403611 6403612 6402403 1400402 1400402 3402402 3402611 3402631 5102402 3401402 3402612 3402632 3402611 3402631 3402612 3402632 3402631 3402632 5402621 3402611 3402612 3402611 3402631 3402612 3402632 3401402 3401402 3402402 3402611 3402631 3401402 3402612 3402632 3402611 3402612 3402631 3402612 3402632 3401402 3402611 3402631 3402612 5402632 5402502 5200402 

1400400 1400402 2400400 2400402 1400501 1400501 1400502 1400503 6101400 4400400 4400631 4400403 6400403 6400632 1400402 2400400 2400402 1400501 1400501 1400502 1400503 6101400 4400400 4400631 4400403 4400403 6400632 2400402 2402402 1402501 1402501 1402502 1402503 6101402 

2402403 2400403 2402403 2401403 2400403 2400403 2400403 2401403 2400403 2403403 6403611 6403631 6102403 2400402 2402402 2401402 2400402 2400402 2400402 2401402 2400402 2402403 4402611 5402631 5102402 4402402 4402612 6402402 6402501 6402502 6402503 6402402 6402611 6402402 2400402 2400401 2400400 2400400 2400400 2400401 2400400 2400403 4400611 5400631 5102400 4400402 4400612 4400402 6400501 6400502 6400503 4400402 4400611 4400402 4400402 4400402 4400402 6400402 6400402 6400402 6400611 1401402 1400402 1400402 1400402 1401402 1400402 1402403 3402611 4402631 5102402 3402402 3402612 3402402 5402501 5402502 5402503 3402402 4402611 3402402 3402402 3402402 3402402 4402402 4402402 4402402 4402611 4402402 4402402 4402402 4402612 4402611 4402612 6402621 4402632 4402402 4402402 6402402 4402611 4402631 6401402 6402402 4402631 4402612 4402632 4402631 4402611 4402631 4402612 6402632 6200402 6200402 6200402 6200402 6200402 6200402 6200402 6200402 6200402 6200402 6200402 6200402 6200402 6200402 6402611 1400401 1400401 1400401 1401401 1400401 1401403 3401611 4401631 5102401 3401402 3401612 3401402 5401501 5401502 5401503 3401402 3401611 3401402 3401402 3401402 3401402 4401402 4401402 4401402 4401611 4401402 4401402 4401402 4401612 4401611 4401612 6401621 4401632 4401402 4401402 6401402 4401611 4401631 6401401 6401402 4401631 4401612 4401632 4401631 4401611 4401631 4401612 6401632 6200401 6200401 6200401 6200401 6200401 6200401 6200401 6200401 6200401 6200401 6200401 6200401 6200401 6200401 4401611 6401611 1400400 1400400 1400401 1400400 1400403 3400611 4400631 5102400 3400402 3400612 3400402 5400501 5400502 5400503 3400402 3400611 3400402 3400402 3400402 3400402 4400402 4400402 4400402 4400611 4400402 4400402 4400402 4400612 4400611 4400612 6400621 4400632 4400402 4400402 6400402 4400611 4400631 6400401 6400402 4400631 4400612 4400632 4400631 4400611 4400631 4400612 6400632 6200400 6200400 6200400 6200400 6200400 6200400 6200400 6200400 6200400 6200400 6200400 6200400 6200400 6200400 4400611 6400611 1400400 1400401 1400400 1400403 3400611 4400631 5102400 3400402 3400612 3400402 5400501 5400502 5400503 3400402 3400611 3400402 3400402 3400402 3400402 4400402 4400402 4400402 4400611 4400402 4400402 4400402 4400612 4400611 4400612 6400621 4400632 4400402 4400402 6400402 4400611 4400631 6400401 6400402 4400631 4400612 4400632 4400631 4400611 4400631 4400612 6400632 6200400 6200400 6200400 6200400 6200400 6200400 6200400 6200400 6200400 6200400 6200400 6200400 6200400 6200400 4400611 6400611 1400401 1400400 1400403 3400611 4400631 5102400 3400402 3400612 3400402 5400501 5400502 5400503 3400402 3400611 3400402 3400402 3400402 3400402 4400402 4400402 4400402 4400611 4400402 4400402 4400402 4400612 4400611 4400612 6400621 4400632 4400402 4400402 6400402 4400611 4400631 6400401 6400402 4400631 4400612 4400632 4400631 4400611 4400631 4400612 6400632 6200400 6200400 6200400 6200400 6200400 6200400 6200400 6200400 6200400 6200400 6200400 6200400 6200400 6200400 4400611 6400611 1400401 1401403 3401611 4401631 5102401 3401402 3401612 3401402 5401501 5401502 5401503 3401402 3401611 3401402 3401402 3401402 3401402 4401402 4401402 4401402 4401611 4401402 4401402 4401402 4401612 4401611 4401612 6401621 4401632 4401402 4401402 6401402 4401611 4401631 6401401 6401402 4401631 4401612 4401632 4401631 4401611 4401631 4401612 6401632 6200401 6200401 6200401 6200401 6200401 6200401 6200401 6200401 6200401 6200401 6200401 6200401 6200401 6200401 4401611 6401611 1400403 3400611 

5102400 4200400 5400612 5400621 4400631 6400402 4400632 4400632 4400631 6400632 2102200 

2401402 2402402 2402403 2402402 2401402 2402402 2400402 2402502 6101402 4400402 6400402 6400402 4402631 4400402 4400402 4400402 4400402 4402632 6402631 4400402 6400402 6400402 2401402 2401403 2401402 2401401 2401402 2400401 2401502 5101401 3400401 5400401 5400401 3401631 3400401 3400401 3400401 4400401 4401632 4401631 4400401 4400401 4400401 4400401 4400401 6400401 4401632 6401632 6200401 6200401 6200401 6200401 6200401 6200401 6200401 6400401 1402403 1402402 1401402 1402402 1400402 2402502 5101402 3400402 4400402 5400402 3402631 3400402 3400402 3400402 3400402 3402632 3402631 3400402 3400402 3400402 3400402 4400402 4400402 4402632 4402632 4200402 4200402 4200402 4200402 4200402 4200402 4200402 4400402 4400402 4402631 4400402 4400402 4402632 6400402 4402631 6402632 6400402 6400402 1402403 1401403 1402403 1400403 2403502 5101403 3400403 4400403 5400403 3403631 3400403 3400403 3400403 3400403 3403632 3403631 3400403 3400403 3400403 3400403 4400403 4400403 4403632 4403632 4200403 4200403 4200403 4200403 4200403 4200403 4200403 4400403 4400403 4403631 4400403 4400403 4403632 6400403 4403631 6403632 6400403 6400403 1401402 1402402 1400402 1402502 5101402 3400402 4400402 5400402 3402631 3400402 3400402 3400402 3400402 3402632 3402631 3400402 3400402 3400402 3400402 4400402 4400402 3402632 4402632 4200402 4200402 4200402 4200402 4200402 4200402 4200402 4400402 4400402 4402631 4400402 4400402 4402632 6400402 4402631 

1400402 5101402 4400402 3402611 3402631 5402502 5402612 4402402 5402621 4402632 4402631 6200402 6200402 6200402 6200402 6200402 6200402 6200402 6200402 6200402 6200402 6200402 6200402 6200402 4402402 6400402 6402402 6402632 4402402 4402402 4402402 5101400 4400400 3400611 3400631 5400502 5400612 4400402 5400621 4400632 4400631 6200400 6200400 6200400 6200400 6200400 6200400 6200400 6200400 6200400 6200400 6200400 6200400 6200400 4400402 6400400 6400402 6400632 4400402 4400402 4400402 2101400 2101611 2101631 1101502 1101612 2101402 1101621 2101632 2101631 2101200 2101200 2101200 2101200 2101200 2101200 2101200 2101200 2101200 2101200 2101200 2101200 2101200 2101402 2101400 2101402 1101632 3101402 3101402 3101402 4101402 1400611 1400631 2400502 2400612 1400402 2400621 1400632 1400631 2200400 2200400 2200400 2200400 

1400402 1401402 4402501 4402503 4402502 4402611 4402631 6101402 4402612 6402621 4402632 4401402 4402611 4402631 4402611 4402612 4402632 6401402 4402611 4402631 6402612 6402632 1400401 4400501 4400503 4400502 4400611 4400631 6101400 4400612 6400621 4400632 4400401 4400611 4400631 4400611 4400612 4400632 6400401 4400611 4400631 6400612 6400632 4401501 4401503 4401502 4401611 4401631 6101401 4401612 

2400402 6101402 6400402 6402501 6402503 6402502 4402611 4402631 4400402 4402402 4401402 4402632 4402631 4402632 4400402 6402611 4402402 6402631 4400402 4400402 4402402 6402402 6400402 5101400 5400400 4400501 4400503 4400502 3400611 3400631 3400400 3400402 4400401 3400632 3400631 3400632 3400400 5400611 3400402 5400631 3400400 3400400 3400402 4400402 4400400 6400402 6400401 6200400 6200400 6200400 6200400 6200400 6200400 6200400 6200400 6200400 6200400 1101400 2101501 2101503 2101502 2101611 2101631 2101400 2101402 2101401 2101632 2101631 2101632 2101400 1101611 2101402 1101631 2101400 2101400 2101402 3101402 3101400 4101402 4101401 4101200 4101200 4101200 4101200 4101200 4101200 4101200 4101200 4101200 4101200 2400501 2400503 2400502 2400611 2400631 2400400 2400402 2400401 2400632 2400631 2400632 2400400 1400611 2400402 1400631 2400400 2400400 2400402 3400402 3400400 4400402 4400401 4200400 4200400 

2400402 2400402 2400403 2400401 4400400 6400502 4400632 6101400 6400633 4400401 4400400 6400401 4400400 6400400 1402402 2402403 2401402 3400402 5402502 3402632 5101402 5402633 3401402 3400402 4401402 3400402 4400402 4400402 4401402 4400402 6402402 6400402 2402403 2401402 3400402 5402502 3402632 5101402 5402633 3401402 3400402 4401402 3400402 4400402 4400402 

1400401 6101400 6400612 6400621 4400632 4200400 4200400 4200400 4200400 6400632 4400400 5101401 5401612 

2401401 2401502 2401631 2401621 2200401 2200401 2200401 2200401 2200401 2200401 1401502 

1402402 1401402 6101402 4400402 6402631 6402621 4400402 6400402 6402402 1401402 6101402 4400402 6402631 6402621 4400402 6400402 6402402 6101401 4400401 6401631 6401621 4400401 6400401 6401402 2101400 1101631 1101621 2101400 2101400 2101402 

5101402 4400402 4402402 4400402 5402621 3402632 4402631 4402632 4402631 4400402 4402632 6402631 4400402 4400402 6200402 6200402 6200402 6200402 6200402 6200402 6400402 2101400 2101402 2101400 1101621 2101632 2101631 2101632 2101631 2101400 2101632 1101631 3101400 3101400 4101200 4101200 4101200 4101200 4101200 4101200 4101400 2400402 2400400 2400621 1400632 1400631 

1101200 1101200 1101200 

2101200 2101200 2101200 2101200 2101502 2101501 2101503 1101612 2101622 2101623 1101622 1200200 1200200 

2200400 1200400 1200400 1200401 1200502 4200402 4200612 4200621 4200632 4200632 4200631 4200632 4200402 4200402 4200631 4200401 1400400 1400400 1400401 2400502 4400402 6400612 6400621 4400632 4400632 4400631 4400632 

2200502 4101200 4200612 3200621 3200622 

5400501 5400503 5400612 3400621 4200400 5400402 3400622 3400621 4400622 4400621 4400622 4400622 4400621 4400621 6400622 6400400 1501503 1501612 2501621 2200501 1402501 2501622 2501621 2501622 3501621 3501622 3501622 

2200400 2200403 2200402 2200402 2200502 4200612 3200622 4200400 3200621 4200402 3200622 3200622 3200402 3200621 4200622 4200402 1400403 1400402 2400402 2400502 6400612 4400622 6400400 4400621 6400402 4400622 4400622 

2200400 2200402 4200501 4200502 4200503 4200612 3200622 3200632 3200633 4200402 3200632 3200623 4200633 3200623 4200622 1400402 6400501 6400502 6400503 6400612 4400622 4400632 4400633 6400402 

2200400 4200612 3200621 

2200400 2200401 2200402 4200612 3200622 

2200400 2200400 2200400 2200400 2200400 2200502 4200612 3200621 4200402 3200622 3200400 3200621 4200400 4200622 1400400 1400400 1400400 1400400 1400502 6400612 4400621 

2200402 2200400 4200612 4200622 

3200612 4200621 3200632 

2200403 2200402 2200402 2200400 4200502 4200612 4200622 3200632 3200633 4200402 3200403 3200632 3200400 4200633 2402403 2402403 2400403 6403502 6403612 6403622 4403632 

4200612 4200622 

4200612 3200621 

2200501 2200503 2200502 4200612 3200622 3200632 3200633 3200623 3200633 3200622 3200622 4200632 3200623 3200622 3200623 4200622 1501503 2501502 6501612 4501622 4501632 4501633 4501623 4501633 4501622 4501622 6501632 

2200400 3200612 3200621 3200632 3200631 4200402 3200612 3200632 3200632 3200631 4200612 3200632 3200621 4200631 4200622 3400612 4400621 3400632 3400631 5400402 4400612 3400632 4400632 4400631 

2200400 2200400 2200401 2200402 4200612 3200621 4200402 3200622 3200621 3200622 4200621 1400400 1400401 

2200403 4200612 3200622 3200632 3200623 3200633 3200622 3200623 3200622 3200632 4200622 4200633 5403612 4403622 4403632 

4200612 4200622 

2200502 4200612 

4200612 3200622 3200622 3200622 3200621 3200622 3200621 3200622 3200621 3200621 3200622 3200621 4200622 2612622 2612622 3612622 3612621 3612622 

4200502 4200612 3200622 

2200402 2200402 2200402 2200400 2200400 2200400 2200400 2200400 2200400 2200400 2200400 2200400 2200400 2200400 2200400 2200400 2200400 2200400 2200400 2200400 2200400 2200400 2200400 2200400 2200400 2200400 2200400 2200400 2200400 2200400 2200400 2200400 2200400 2200400 2200400 2200400 2200400 2200400 2200400 2200400 2200400 2200400 2200400 2200400 2200400 2200400 2200400 2200400 2200400 2200400 2200400 2200400 2200400 2200400 2200400 2200400 2200400 2200400 2200400 2200400 2200400 2200400 2200400 2200400 2200400 2200400 2200400 2200400 2200400 2200400 2200400 2200400 2200400 2200400 2200400 2200400 2200400 2200400 2200400 2200400 2200400 2200400 2200400 2200400 2200400 2200400 2200400 2200400 2200400 2200400 2200400 2200400 2200400 2200400 2200400 2200400 2200400 2200400 2200400 2200400 2200400 2200401 2200403 2200402 2200400 2200400 2200402 2200400 2200403 2200400 2200400 2200402 2200400 2200403 2200400 2200402 2200400 2200403 2200400 2200402 2200400 2200403 2200400 2200402 2200400 2200403 2200400 2200402 2200400 2200403 2200400 2200402 2200400 2200403 2200400 2200402 2200400 4200612 3200622 3200400 4200400 4200400 4200401 4200402 4200402 4200402 4200403 3200623 3200622 4200623 1402402 1402402 1400402 1400402 1400402 1400402 1400402 1400402 1400402 1400402 1400402 1400402 1400402 1400402 1400402 1400402 1400402 1400402 1400402 1400402 1400402 1400402 1400402 1400402 1400402 1400402 1400402 1400402 1400402 1400402 1400402 1400402 1400402 1400402 1400402 1400402 1400402 1400402 1400402 1400402 1400402 1400402 1400402 1400402 1400402 1400402 1400402 1400402 1400402 1400402 1400402 1400402 1400402 1400402 1400402 1400402 1400402 1400402 1400402 1400402 1400402 1400402 1400402 1400402 1400402 1400402 1400402 1400402 1400402 1400402 1400402 1400402 1400402 1400402 1400402 1400402 1400402 1400402 1400402 1400402 1400402 1400402 1400402 1400402 1400402 1400402 1400402 1400402 1400402 1400402 1400402 1400402 1400402 1400402 1400402 1400402 1400402 1400402 1400402 1400402 1401402 1402403 1402402 1400402 1400402 1402402 1400402 1402403 1400402 1400402 1402402 1400402 1402403 1400402 1402402 1400402 1402403 1400402 1402402 1400402 1402403 1400402 1402402 1400402 1402403 1400402 1402402 1400402 1402403 1400402 1402402 1400402 1402403 1400402 1402402 1400402 6402612 4402622 6400402 6400402 6400402 6401402 6402402 6402402 6402402 6402403 4402623 6402622 1402402 1400402 1400402 1400402 1400402 1400402 1400402 1400402 1400402 1400402 1400402 1400402 1400402 1400402 1400402 1400402 1400402 1400402 1400402 1400402 1400402 1400402 1400402 1400402 1400402 1400402 1400402 1400402 1400402 1400402 1400402 1400402 1400402 1400402 1400402 1400402 1400402 1400402 1400402 1400402 1400402 1400402 1400402 1400402 1400402 1400402 1400402 1400402 1400402 1400402 1400402 1400402 1400402 1400402 1400402 1400402 1400402 1400402 1400402 1400402 1400402 1400402 1400402 1400402 1400402 1400402 1400402 1400402 1400402 1400402 1400402 1400402 1400402 1400402 1400402 1400402 1400402 1400402 1400402 1400402 1400402 1400402 1400402 1400402 1400402 1400402 1400402 1400402 1400402 1400402 1400402 1400402 1400402 1400402 1400402 1400402 1400402 1400402 1400402 1401402 1402403 1402402 1400402 1400402 1402402 1400402 1402403 1400402 1400402 1402402 1400402 1402403 1400402 1402402 1400402 1402403 1400402 1402402 1400402 1402403 1400402 1402402 1400402 1402403 1400402 1402402 1400402 1402403 1400402 1402402 1400402 1402403 1400402 1402402 1400402 6402612 4402622 6400402 6400402 6400402 6401402 6402402 6402402 6402402 6402403 4402623 6402622 1400402 1400402 1400402 1400402 1400402 1400402 1400402 1400402 1400402 1400402 1400402 1400402 1400402 1400402 1400402 1400402 1400402 1400402 1400402 1400402 1400402 1400402 1400402 1400402 1400402 1400402 1400402 1400402 1400402 1400402 1400402 1400402 1400402 1400402 1400402 1400402 1400402 1400402 1400402 1400402 1400402 1400402 1400402 1400402 1400402 1400402 1400402 1400402 1400402 1400402 1400402 1400402 1400402 1400402 1400402 1400402 1400402 1400402 1400402 1400402 1400402 1400402 1400402 1400402 1400402 1400402 1400402 1400402 1400402 1400402 1400402 1400402 1400402 1400402 1400402 1400402 1400402 1400402 1400402 1400402 1400402 1400402 1400402 1400402 1400402 1400402 1400402 1400402 1400402 1400402 1400402 1400402 1400402 1400402 1400402 1400402 1400402 1400402 1401402 1402403 1402402 1400402 1400402 1402402 1400402 1402403 1400402 1400402 1402402 1400402 1402403 1400402 1402402 1400402 1402403 1400402 1402402 1400402 1402403 1400402 1402402 1400402 1402403 1400402 1402402 1400402 1402403 1400402 1402402 1400402 1402403 1400402 1402402 1400402 6402612 4402622 6400402 6400402 6400402 6401402 6402402 6402402 6402402 6402403 4402623 6402622 1400400 1400400 1400400 1400400 1400400 1400400 1400400 1400400 1400400 1400400 1400400 1400400 1400400 1400400 1400400 1400400 1400400 1400400 1400400 1400400 1400400 1400400 1400400 1400400 1400400 1400400 1400400 1400400 1400400 1400400 1400400 1400400 1400400 1400400 1400400 1400400 1400400 1400400 1400400 1400400 1400400 1400400 1400400 1400400 1400400 1400400 1400400 1400400 1400400 1400400 1400400 1400400 1400400 1400400 1400400 1400400 1400400 1400400 1400400 1400400 1400400 1400400 1400400 1400400 1400400 1400400 1400400 1400400 1400400 1400400 1400400 1400400 1400400 1400400 1400400 1400400 1400400 1400400 1400400 1400400 1400400 1400400 1400400 1400400 1400400 1400400 1400400 1400400 1400400 1400400 1400400 1400400 1400400 1400400 1400400 1400400 1400400 1400401 1400403 1400402 1400400 1400400 1400402 1400400 1400403 1400400 1400400 1400402 1400400 1400403 1400400 1400402 1400400 1400403 1400400 1400402 1400400 1400403 1400400 1400402 1400400 1400403 1400400 1400402 1400400 1400403 1400400 1400402 1400400 1400403 1400400 1400402 1400400 6400612 4400622 6400400 6400400 6400400 6400401 6400402 6400402 6400402 6400403 4400623 6400622 1400400 1400400 1400400 1400400 1400400 1400400 1400400 1400400 1400400 1400400 1400400 1400400 1400400 1400400 1400400 1400400 1400400 1400400 1400400 1400400 1400400 1400400 1400400 1400400 1400400 1400400 1400400 1400400 1400400 1400400 1400400 1400400 1400400 1400400 1400400 1400400 1400400 1400400 1400400 1400400 1400400 1400400 1400400 1400400 1400400 1400400 1400400 1400400 1400400 1400400 1400400 1400400 1400400 1400400 1400400 1400400 1400400 1400400 1400400 1400400 1400400 1400400 1400400 1400400 1400400 1400400 1400400 1400400 1400400 1400400 1400400 1400400 1400400 1400400 1400400 1400400 1400400 1400400 1400400 1400400 1400400 1400400 1400400 1400400 1400400 1400400 1400400 1400400 1400400 1400400 1400400 1400400 1400400 1400400 1400400 1400400 1400401 1400403 1400402 1400400 1400400 1400402 1400400 1400403 1400400 1400400 1400402 1400400 1400403 1400400 1400402 1400400 1400403 1400400 1400402 1400400 1400403 1400400 1400402 1400400 1400403 1400400 1400402 1400400 1400403 1400400 1400402 1400400 1400403 1400400 1400402 1400400 6400612 4400622 6400400 6400400 6400400 6400401 6400402 6400402 6400402 6400403 4400623 6400622 1400400 1400400 1400400 1400400 1400400 1400400 1400400 1400400 1400400 1400400 1400400 1400400 1400400 1400400 1400400 1400400 1400400 1400400 1400400 1400400 1400400 1400400 1400400 1400400 1400400 1400400 1400400 1400400 1400400 1400400 1400400 1400400 1400400 1400400 1400400 1400400 1400400 1400400 1400400 1400400 1400400 1400400 1400400 1400400 1400400 1400400 1400400 1400400 1400400 1400400 1400400 1400400 1400400 1400400 1400400 1400400 1400400 1400400 1400400 1400400 1400400 1400400 1400400 1400400 1400400 1400400 1400400 1400400 1400400 1400400 1400400 1400400 1400400 1400400 1400400 1400400 1400400 1400400 1400400 1400400 1400400 1400400 1400400 1400400 1400400 1400400 1400400 1400400 1400400 1400400 1400400 1400400 1400400 1400400 1400400 1400401 1400403 1400402 1400400 1400400 1400402 1400400 1400403 1400400 1400400 1400402 1400400 1400403 1400400 1400402 1400400 1400403 1400400 1400402 1400400 1400403 1400400 1400402 1400400 1400403 1400400 1400402 1400400 1400403 1400400 1400402 1400400 1400403 1400400 1400402 1400400 6400612 4400622 6400400 6400400 6400400 6400401 6400402 6400402 6400402 6400403 4400623 6400622 1400400 1400400 1400400 1400400 1400400 1400400 1400400 1400400 1400400 1400400 1400400 1400400 1400400 1400400 1400400 1400400 1400400 1400400 1400400 1400400 1400400 1400400 1400400 1400400 1400400 1400400 1400400 1400400 1400400 1400400 1400400 1400400 1400400 1400400 1400400 1400400 1400400 1400400 1400400 1400400 1400400 1400400 1400400 1400400 1400400 1400400 1400400 1400400 1400400 1400400 1400400 1400400 1400400 1400400 1400400 1400400 1400400 1400400 1400400 1400400 1400400 1400400 1400400 1400400 1400400 1400400 1400400 1400400 1400400 1400400 1400400 1400400 1400400 1400400 1400400 1400400 1400400 1400400 1400400 1400400 1400400 1400400 1400400 1400400 1400400 1400400 1400400 1400400 1400400 1400400 1400400 1400400 1400400 1400400 1400401 1400403 1400402 1400400 1400400 1400402 1400400 1400403 1400400 1400400 1400402 1400400 1400403 1400400 1400402 1400400 1400403 1400400 1400402 1400400 1400403 1400400 1400402 1400400 1400403 1400400 1400402 1400400 1400403 1400400 1400402 1400400 1400403 1400400 1400402 1400400 6400612 4400622 6400400 6400400 6400400 6400401 6400402 6400402 6400402 6400403 4400623 6400622 1400400 1400400 1400400 1400400 1400400 1400400 1400400 1400400 1400400 1400400 1400400 1400400 1400400 1400400 1400400 1400400 1400400 1400400 1400400 1400400 1400400 1400400 1400400 1400400 1400400 1400400 1400400 1400400 1400400 1400400 1400400 1400400 1400400 1400400 1400400 1400400 1400400 1400400 1400400 1400400 1400400 1400400 1400400 1400400 1400400 1400400 1400400 1400400 1400400 1400400 1400400 1400400 1400400 1400400 1400400 1400400 1400400 1400400 1400400 1400400 1400400 1400400 1400400 1400400 1400400 1400400 1400400 1400400 1400400 1400400 1400400 1400400 1400400 1400400 1400400 1400400 1400400 1400400 1400400 1400400 1400400 1400400 1400400 1400400 1400400 1400400 1400400 1400400 1400400 1400400 1400400 1400400 1400400 1400401 1400403 1400402 1400400 1400400 1400402 1400400 1400403 1400400 1400400 1400402 1400400 1400403 1400400 1400402 1400400 1400403 1400400 1400402 1400400 1400403 1400400 1400402 1400400 1400403 1400400 1400402 1400400 1400403 1400400 1400402 1400400 1400403 1400400 1400402 1400400 6400612 4400622 6400400 6400400 6400400 6400401 6400402 6400402 6400402 6400403 4400623 6400622 1400400 1400400 1400400 1400400 1400400 1400400 1400400 1400400 1400400 1400400 1400400 1400400 1400400 1400400 1400400 1400400 1400400 1400400 1400400 1400400 1400400 1400400 1400400 1400400 1400400 1400400 1400400 1400400 1400400 1400400 1400400 1400400 1400400 1400400 1400400 1400400 1400400 1400400 1400400 1400400 1400400 1400400 1400400 1400400 1400400 1400400 1400400 1400400 1400400 1400400 1400400 1400400 1400400 1400400 1400400 1400400 1400400 1400400 1400400 1400400 1400400 1400400 1400400 1400400 1400400 1400400 1400400 1400400 1400400 1400400 1400400 1400400 1400400 1400400 1400400 1400400 1400400 1400400 1400400 1400400 1400400 1400400 1400400 1400400 1400400 1400400 1400400 1400400 1400400 1400400 1400400 1400400 1400401 1400403 1400402 1400400 1400400 1400402 1400400 1400403 1400400 1400400 1400402 1400400 1400403 1400400 1400402 1400400 1400403 1400400 1400402 1400400 1400403 1400400 1400402 1400400 1400403 1400400 1400402 1400400 1400403 1400400 1400402 1400400 1400403 1400400 1400402 1400400 6400612 4400622 6400400 6400400 6400400 6400401 6400402 6400402 6400402 6400403 4400623 6400622 1400400 1400400 1400400 1400400 1400400 1400400 1400400 1400400 1400400 1400400 1400400 1400400 1400400 1400400 1400400 1400400 1400400 1400400 1400400 1400400 1400400 1400400 1400400 1400400 1400400 1400400 1400400 1400400 1400400 1400400 1400400 1400400 1400400 1400400 1400400 1400400 1400400 1400400 1400400 1400400 1400400 1400400 1400400 1400400 1400400 1400400 1400400 1400400 1400400 1400400 1400400 1400400 1400400 1400400 1400400 1400400 1400400 1400400 1400400 1400400 1400400 1400400 1400400 1400400 1400400 1400400 1400400 1400400 1400400 1400400 1400400 1400400 1400400 1400400 1400400 1400400 1400400 1400400 1400400 1400400 1400400 1400400 1400400 1400400 1400400 1400400 1400400 1400400 1400400 1400400 1400400 1400401 1400403 1400402 1400400 1400400 1400402 1400400 1400403 1400400 1400400 1400402 1400400 1400403 1400400 1400402 1400400 1400403 1400400 1400402 1400400 1400403 1400400 1400402 1400400 1400403 1400400 1400402 1400400 1400403 1400400 1400402 1400400 1400403 1400400 1400402 1400400 6400612 4400622 6400400 6400400 6400400 6400401 6400402 6400402 6400402 6400403 4400623 6400622 1400400 1400400 1400400 1400400 1400400 1400400 1400400 1400400 1400400 1400400 1400400 1400400 1400400 1400400 1400400 1400400 1400400 1400400 1400400 1400400 1400400 1400400 1400400 1400400 1400400 1400400 1400400 1400400 1400400 1400400 1400400 1400400 1400400 1400400 1400400 1400400 1400400 1400400 1400400 1400400 1400400 1400400 1400400 1400400 1400400 1400400 1400400 1400400 1400400 1400400 1400400 1400400 1400400 1400400 1400400 1400400 1400400 1400400 1400400 1400400 1400400 1400400 1400400 1400400 1400400 1400400 1400400 1400400 1400400 1400400 1400400 1400400 1400400 1400400 1400400 1400400 1400400 1400400 1400400 1400400 1400400 1400400 1400400 1400400 1400400 1400400 1400400 1400400 1400400 1400400 1400401 1400403 1400402 1400400 1400400 1400402 1400400 1400403 1400400 1400400 1400402 1400400 1400403 1400400 1400402 1400400 1400403 1400400 1400402 1400400 1400403 1400400 1400402 1400400 1400403 1400400 1400402 1400400 1400403 1400400 1400402 1400400 1400403 1400400 1400402 1400400 6400612 4400622 6400400 6400400 6400400 6400401 6400402 6400402 6400402 6400403 4400623 6400622 1400400 1400400 1400400 1400400 1400400 1400400 1400400 1400400 1400400 1400400 1400400 1400400 1400400 1400400 1400400 1400400 1400400 1400400 1400400 1400400 1400400 1400400 1400400 1400400 1400400 1400400 1400400 1400400 1400400 1400400 1400400 1400400 1400400 1400400 1400400 1400400 1400400 1400400 1400400 1400400 1400400 1400400 1400400 1400400 1400400 1400400 1400400 1400400 1400400 1400400 1400400 1400400 1400400 1400400 1400400 1400400 1400400 1400400 1400400 1400400 1400400 1400400 1400400 1400400 1400400 1400400 1400400 1400400 1400400 1400400 1400400 1400400 1400400 1400400 1400400 1400400 1400400 1400400 1400400 1400400 1400400 1400400 1400400 1400400 1400400 1400400 1400400 1400400 1400400 1400401 1400403 1400402 1400400 1400400 1400402 1400400 1400403 1400400 1400400 1400402 1400400 1400403 1400400 1400402 1400400 1400403 1400400 1400402 1400400 1400403 1400400 1400402 1400400 1400403 1400400 1400402 1400400 1400403 1400400 1400402 1400400 1400403 1400400 1400402 1400400 6400612 4400622 6400400 6400400 6400400 6400401 6400402 6400402 6400402 6400403 4400623 6400622 1400400 1400400 1400400 1400400 1400400 1400400 1400400 1400400 1400400 1400400 1400400 1400400 1400400 1400400 1400400 1400400 1400400 1400400 1400400 1400400 1400400 1400400 1400400 1400400 1400400 1400400 1400400 1400400 1400400 1400400 1400400 1400400 1400400 1400400 1400400 1400400 1400400 1400400 1400400 1400400 1400400 1400400 1400400 1400400 1400400 1400400 1400400 1400400 1400400 1400400 1400400 1400400 1400400 1400400 1400400 1400400 1400400 1400400 1400400 1400400 1400400 1400400 1400400 1400400 1400400 1400400 1400400 1400400 1400400 1400400 1400400 1400400 1400400 1400400 1400400 1400400 1400400 1400400 1400400 1400400 1400400 1400400 1400400 1400400 1400400 1400400 1400400 1400400 1400401 1400403 1400402 1400400 1400400 1400402 1400400 1400403 1400400 1400400 1400402 1400400 1400403 1400400 1400402 1400400 1400403 1400400 1400402 1400400 1400403 1400400 1400402 1400400 1400403 1400400 1400402 1400400 1400403 1400400 1400402 1400400 1400403 1400400 1400402 1400400 6400612 4400622 6400400 6400400 6400400 6400401 6400402 6400402 6400402 6400403 4400623 6400622 1400400 1400400 1400400 1400400 1400400 1400400 1400400 1400400 1400400 1400400 1400400 1400400 1400400 1400400 1400400 1400400 1400400 1400400 1400400 1400400 1400400 1400400 1400400 1400400 1400400 1400400 1400400 1400400 1400400 1400400 1400400 1400400 1400400 1400400 1400400 1400400 1400400 1400400 1400400 1400400 1400400 1400400 1400400 1400400 1400400 1400400 1400400 1400400 1400400 1400400 1400400 1400400 1400400 1400400 1400400 1400400 1400400 1400400 1400400 1400400 1400400 1400400 1400400 1400400 1400400 1400400 1400400 1400400 1400400 1400400 1400400 1400400 1400400 1400400 1400400 1400400 1400400 1400400 1400400 1400400 1400400 1400400 1400400 1400400 1400400 1400400 1400400 1400401 1400403 1400402 1400400 1400400 1400402 1400400 1400403 1400400 1400400 1400402 1400400 1400403 1400400 1400402 1400400 1400403 1400400 1400402 1400400 1400403 1400400 1400402 1400400 1400403 1400400 1400402 1400400 1400403 1400400 1400402 1400400 1400403 1400400 1400402 1400400 6400612 4400622 6400400 6400400 6400400 6400401 6400402 6400402 6400402 6400403 4400623 6400622 1400400 1400400 1400400 1400400 1400400 1400400 1400400 1400400 1400400 1400400 1400400 1400400 1400400 1400400 1400400 1400400 1400400 1400400 1400400 1400400 1400400 1400400 1400400 1400400 1400400 1400400 1400400 1400400 1400400 1400400 1400400 1400400 1400400 1400400 1400400 1400400 1400400 1400400 1400400 1400400 1400400 1400400 1400400 1400400 1400400 1400400 1400400 1400400 1400400 1400400 1400400 1400400 1400400 1400400 1400400 1400400 1400400 1400400 1400400 1400400 1400400 1400400 1400400 1400400 1400400 1400400 1400400 1400400 1400400 1400400 1400400 1400400 1400400 1400400 1400400 1400400 1400400 1400400 1400400 1400400 1400400 1400400 1400400 1400400 1400400 1400400 1400401 1400403 1400402 1400400 1400400 1400402 1400400 1400403 1400400 1400400 1400402 1400400 1400403 1400400 1400402 1400400 1400403 1400400 1400402 1400400 1400403 1400400 1400402 1400400 1400403 1400400 1400402 1400400 1400403 1400400 1400402 1400400 1400403 1400400 

3200622 3200632 4200612 4200621 4200401 

2200402 2200400 4200402 4200612 4200622 3200632 4200633 

2200402 2200401 2200400 2200400 2200400 2200400 2200403 2200402 2200401 2200400 4103200 4200612 3200621 3200632 3200622 4200402 3200621 3200632 3200632 3200622 3200621 3200622 3200621 3200621 3200401 4200631 3200401 4200622 4200401 1401402 2400402 2400402 2400402 2400402 2402403 2402402 2401402 2400402 6103402 6402612 4402621 4402632 4402622 6402402 6402621 4402632 6402632 1400401 1400401 1400401 2400401 2401403 2401402 2401401 2400401 5103401 5401612 3401621 4401632 4401622 6401402 4401621 4401632 6401632 4401622 4401621 4401622 4401621 6401621 1400400 1400400 1400400 

1402403 1402402 1400402 6103402 4402612 6402621 4402632 4402403 4402402 4200402 4402402 6402632 4402611 6402611 1402403 1400403 6103403 4403612 6403621 4403632 4403403 

6103402 6402612 4402621 4402632 4402631 4401402 6402402 6402402 4402632 4402621 4402622 6402621 6401402 6402632 1103612 2103621 2103632 2103631 2103401 2103402 2103402 2103632 2103621 2103622 2103621 3103401 3103632 3103401 3103631 3103621 3103632 4103631 4103401 4103402 4103622 4103400 4103200 4103200 4103200 4103200 4103200 4103200 4103200 4103200 4103200 4103402 2612621 2612632 2612631 2401612 2402612 2402612 2612632 2612621 2612622 2612621 3401612 3612632 3401612 3612631 3612621 3612632 4612631 4401612 4402612 4612622 4400612 4200612 4200612 4200612 4200612 4200612 4200612 4200612 4200612 4200612 4402612 1621632 1621631 1401621 2402621 2402621 1621632 1621621 1621622 2621621 4401621 4621632 6401621 6621631 1631632 1401632 2402632 2402632 1632632 1621632 1622632 2621632 6401632 6632632 1401631 2402631 2402631 1631632 1621631 1622631 2621631 2401631 2631632 2401402 2401402 1401632 1401621 1401622 1401621 1401401 1401632 6401401 4401631 6401621 4401632 6401631 1402402 2402632 2402621 2402622 1402621 1401402 1402632 4401402 4402631 4402621 4402632 6402631 6401402 6402402 

1400400 6101400 6200400 6200400 6200400 6200400 4400402 4400400 4400401 4400502 6400612 4400622 4400632 6400633 4400622 6400402 6400622 5101400 5200400 5200400 5200400 5200400 4400402 4400400 4400401 4400502 5400612 4400622 4400632 6400633 

2103401 2103402 2103612 2103621 2103632 2103401 2103401 2103622 2103200 2103200 2103200 2103200 2103200 2103200 2103621 2103402 1103401 2103622 3103401 3103621 4103621 4103631 4103612 1401402 2401612 1401621 2401632 1401401 1401401 1401622 2200401 2200401 2200401 2200401 2200401 2200401 1401621 2401402 2401401 1401622 6401401 6401621 2402612 1402621 2402632 1401402 1401402 1402622 2200402 2200402 2200402 2200402 

1400402 1400400 1400400 1400402 1400402 2400400 2400400 4103400 4400401 4400401 6400612 4400621 4400632 4400622 4400622 4400402 6400621 4102400 4103400 4400402 6400631 6102400 4400401 6400402 1400402 1400402 1402402 1402402 1400402 2400402 4103402 4401402 4401402 6402612 4402621 4402632 4402622 4402622 4402402 6402621 4102402 4103402 4402402 6402631 6102402 4401402 4402402 6200402 6200402 6200402 6200402 6200402 6401402 6401402 1400400 1400402 1400402 1400400 2400400 4103400 4400401 4400401 6400612 4400621 4400632 4400622 4400622 4400402 6400621 4102400 4103400 4400402 6400631 6102400 4400401 4400402 6200400 6200400 6200400 6200400 6200400 6400401 6400401 1400402 1400402 1400400 1400400 4103400 4400401 4400401 6400612 4400621 4400632 4400622 4400622 4400402 4400621 4102400 4103400 4400402 6400631 4102400 4400401 4400402 6200400 6200400 6200400 6200400 6200400 6400401 6400401 

4103402 4200402 4200402 4401402 6401402 6402612 4402621 4102402 4103402 4402622 4102402 4101402 4402621 4102402 4402622 4402621 6402622 6101402 6401402 2103200 2103200 2103401 2103401 2103612 1103621 1102103 1103103 1103622 1102103 1101103 1103621 2102103 1103622 1103621 2103622 1200200 

1402402 1400402 1400402 1400402 1400402 1402402 1402402 1402403 1402403 1400402 1401402 6103402 4200402 4401402 6402612 4402621 4402622 6402623 1400402 1400402 1400402 1400402 1402402 1402402 1402403 1402403 1400402 1401402 6103402 4200402 4401402 6402612 4402621 4402622 

6101403 4400403 6403612 6403621 4200403 4200403 4400403 4400403 6400403 

2101200 2101200 2101400 2101400 2101401 1101612 2101621 2101622 1101621 1101400 1200200 

2200401 3200402 3200401 4200400 4200502 4200612 3200622 4200621 4200401 4200402 4401402 

2200402 2200402 2200402 2200400 2200401 2200401 2200502 2200503 4101200 4200612 3200622 4200621 1402402 1402402 1400402 

2200402 2200401 2200403 4102200 4200612 3200621 3200632 3200631 3200632 3200402 3200632 3200401 4200402 3200631 3200632 3200631 3200622 3200632 4200401 4200621 4200631 1401402 1402403 6102402 6402612 4402621 4402632 4402631 4402632 4402402 4402632 4401402 6402402 4402631 4402632 4402631 4402622 4402632 6401402 6402621 6402631 1401403 6102401 6401612 4401621 4401632 

1400401 1400401 1400402 1400402 1400402 6101400 4400402 4400612 6400621 4400632 4400631 4400632 4400631 6400632 4200400 4200400 4200400 4200400 6400611 1401401 1401402 1401402 1401402 6101401 4401402 4401612 6401621 4401632 4401631 4401632 4401631 6401632 4200401 4200401 4200401 4200401 6401611 1401402 

1101402 1101612 2101621 1101200 1101200 1101200 1101401 1101402 2101622 2101621 2101622 1101621 1402612 2402621 1200402 

2200400 2200402 2200403 4101200 3200612 3200621 3200631 3200612 3200612 3200632 4200631 3200612 3200612 3200612 3200612 3200612 4200612 3200622 4200621 4200502 1400402 1400403 6101400 4400612 6400621 4400631 4400612 4400612 4400632 6400631 4400612 4400612 6400612 1402403 6101402 4402612 

2200401 2200402 2200402 2200402 2200400 2200403 2200401 2200502 4101200 3200622 4200632 4200612 3200401 3200623 3200401 3200401 3200401 3200622 3200623 3200401 3200622 3200623 3200401 3200622 3200401 4200623 4200401 4200501 4200502 4200503 2401402 2401402 2401402 2400401 2401403 2401401 2401502 6101401 4401622 6401632 6401612 4401401 6401623 4401401 6401401 1402402 1402402 1400402 2402403 2401402 2402502 5101402 4402622 5402632 6402612 4401402 4402623 4401402 4401402 4401402 4402622 4402623 4401402 4402622 4402623 4401402 4402622 6401402 6402623 1402402 1400402 1402403 1401402 1402502 5101402 

2200502 3102200 4200612 3200621 3200402 4200622 3200402 4102200 3200402 

2200400 2200401 2200401 2200400 2200502 4200612 3200621 3101200 3200622 4200402 3102200 3200401 3200621 4200622 3102200 3200401 4101200 1400401 1400401 1400400 2400502 6400612 4400621 4101400 4400622 6400402 4102400 4400401 4400621 6400622 

2200400 2200400 4103200 3200622 3200400 4200612 3200621 4200400 4200622 

2200401 2200502 2200501 2200503 4101200 

2200402 4103200 3200401 3200401 4200612 3200622 3200632 3200633 3200632 3200632 3200401 3200401 3200633 3200632 3200633 4200623 4200632 6103402 4401402 6401402 6402612 4402622 4402632 4402633 4402632 4402632 4401402 6401402 4402633 4402632 

2200402 2200400 2200400 2200400 2200402 2200403 3103200 3200502 4200612 3200622 3200402 3200621 3103200 4200622 3102200 3102200 3200402 3103200 3102200 3102200 3103200 3102200 3103200 3102200 3200402 4103200 1400402 2400402 2400402 2402402 2402403 4103402 6402502 6402612 4402622 4402402 4402621 4103402 6402622 4102402 4102402 6402402 6103402 1400400 1400400 1400402 1400403 4103400 6400502 6400612 4400622 4400402 4400621 4103400 6400622 4102400 4102400 4400402 4103400 4102400 4102400 4103400 

2200400 2200400 2200402 2200403 2200402 3200401 4103200 4200401 4200502 4200612 3200621 3200632 3200622 3200621 4200631 4200622 1400400 1400402 1400403 1400402 4400401 6103400 6400401 6400502 6400612 4400621 4400632 

4102200 3200400 3200402 4200502 4200612 3200622 3200632 3200402 3200623 3200633 3200400 3200622 3200632 3200632 3200402 3200623 4200633 4200400 4200622 2102400 2102402 1102502 1102612 2102622 2102632 2102402 2102623 2102633 2102400 2102622 2102632 2102632 2102402 2102623 1102633 4102400 4102622 1400402 

2200402 2200502 4102200 3200402 3200402 4200612 4200622 3200402 3200402 3200402 3200402 4200402 4200501 4200502 4200503 1402502 6102402 4402402 4402402 6402612 6402622 4402402 4402402 4402402 

2200403 2200400 2200401 2200401 2200402 2200502 4102200 3200400 3200612 4200621 3200402 3200611 3200401 3200612 3200400 3200611 3200612 4200400 4200501 4200502 4200503 3200612 3200611 4200611 1400403 1401403 1401403 1402403 1403502 6102403 4400403 4403612 6403621 4402403 4403611 4401403 4403612 4400403 4403611 4403612 6400403 6403501 6403502 6403503 4403612 4403611 1400401 1400401 1400402 1400502 6102400 4400400 4400612 6400621 4400402 4400611 4400401 4400612 4400400 

2200401 2200402 2200400 2200400 2200401 4102200 4200502 4200612 3200621 3200400 3200622 3200401 3200402 3200621 3200402 3200622 3200402 3200402 3200403 3200402 3200402 3200402 4200403 4200621 1401402 1400401 1400401 1401401 6102401 6401502 6401612 4401621 4400401 4401622 4401401 4401402 4401621 4401402 6401622 4401402 4401402 6401403 6401402 6401402 6401402 1400402 1400402 1401402 6102402 6402502 6402612 4402621 4400402 4402622 4401402 4402402 4402621 4402402 

4102200 3200400 3200400 3200400 3200612 3200621 3200400 3200622 3200400 3200621 3200400 3200622 4200621 4200400 4200611 2102400 2102400 2102400 2102612 2102621 2102400 2102622 2102400 2102621 

2200402 2200400 2200400 2200401 2200401 3200402 3200502 4200612 4200621 3200402 4200402 4200502 1400402 1400402 1401402 

1402402 1402403 6200402 6200402 6200402 6200402 6402402 6402502 6402612 4402621 4402622 4402621 4402621 6402622 1402403 6200402 6200402 6200402 6200402 4402402 4402502 6402612 4402621 4402622 4402621 

2200400 3200400 3200401 4200612 4200622 

2200401 4101200 3200400 3200402 4200612 3200622 3200401 3200400 3200402 3200621 3200401 4200622 3200400 3200400 3200401 4200400 4200402 6101401 4400401 4401402 6401612 4401622 4401401 4400401 4401402 4401621 4401401 6401622 4400401 4400401 

2200400 2200403 2200502 3103200 3200402 4200402 4200612 3102200 3103200 3200402 3103200 3102200 3200402 4103200 2400403 2400502 4103400 4400402 6400402 6400612 4102400 

2200402 2200401 2200402 3103200 4200612 4200622 3200632 3200401 3200401 4200633 3102200 3103200 3102200 3103200 4200401 3102200 4103200 1401402 2402402 6103402 6402612 6402622 4402632 4401402 6401402 6402633 2401402 4103401 6401612 6401622 4401632 4401401 6401401 6401633 4103402 5402612 5402622 3402632 3401402 4401402 5402633 4102402 4103402 4102402 4103402 6401402 

2200400 2200400 2200403 2200401 2200401 2200400 2200402 2200402 2200502 2200501 2200503 3102200 4200612 3200622 3101200 3102200 3101200 3102200 3102200 4101200 4200621 1400400 2400403 2400401 2400401 2400400 2400402 2400402 2400502 2400501 2400503 4102400 6400612 6400622 4101400 4102400 4101400 6102400 1400403 2400401 2400401 2400400 2400402 

1400402 1400400 2400400 2400402 6102400 6400612 4400622 4400401 6400400 4400621 6200400 6200400 6200400 6200400 6400401 4400622 6400622 1400402 1400402 2402402 6102402 6402612 4402622 4401402 6400402 4402621 6200402 6200402 6200402 6200402 4401402 4402622 6402622 4401402 6401402 1400400 2400402 6102400 6400612 4400622 4400401 6400400 

2101503 2101501 2101502 2101621 2101632 2101622 2101633 3101632 3101623 3101633 3101622 3101623 3101622 3101623 3101622 4101632 4101623 4101200 4101200 4101200 4101200 4101200 4101200 4101200 4101200 4101200 4101200 4101200 4101200 4101200 1501503 1502503 2503621 2503632 2503622 2503633 3503632 3503623 4503633 3503622 3503623 3503622 4503623 4503622 6503632 6503623 6200503 6200503 6200503 6200503 6200503 6200503 6200503 6200503 6200503 6200503 6200503 6200503 6200503 1501502 2501621 2501632 2501622 2501633 3501632 3501623 4501633 3501622 3501623 3501622 4501623 4501622 6501632 6501623 6200501 6200501 6200501 6200501 6200501 6200501 6200501 6200501 6200501 6200501 6200501 6200501 6200501 2502621 2502632 2502622 2502633 3502632 3502623 

2101502 1101612 2101622 2101621 1101622 4101200 4101200 

4101200 4200612 

5101502 5502612 5502622 6200502 6200502 

2400402 4102400 6400501 6400503 6400502 6400612 4400621 6400631 4400622 4103400 4400402 6400402 4400621 4102400 4103400 6400402 4400622 4102400 4400621 6400622 6102400 4102402 4402501 4402503 4402502 5402612 4402621 5402631 4402622 4103402 4402402 6402402 4402621 4102402 4103402 4402402 4402622 4102402 4402621 6402622 4102402 6102402 6200402 6200402 2102501 2102503 2102502 2102612 1102621 2102631 1102622 1102103 1102402 2102402 1102621 1102102 1102103 

2200402 3200400 3200400 4200612 3200621 3200632 4200622 3200633 3200633 3200632 4200633 4400402 4400402 

2200402 2200402 2200400 2200400 2200400 2200402 2200403 2200400 2200401 2200502 4200612 3200622 3200402 3200402 3200621 3200402 3200622 3200621 3200622 3200621 3200622 3200622 3200402 3200621 4200622 4200402 1402402 1400402 1400402 2400402 2402402 2402403 2400402 2401402 2402502 6402612 4402622 4402402 6402402 4402621 4402402 4402622 4402621 4402622 4402621 6402622 1400402 1400402 2400402 2402402 2402403 2400402 2401402 2402502 6402612 4402622 4402402 6402402 4402621 4402402 4402622 4402621 4402622 4402621 6402622 

2612621 2502612 2612622 1612632 3501612 3503612 3612622 4200612 4200612 4200612 4200612 4200612 4200612 4612621 2502621 2621622 2621632 1502622 2502632 4501502 4502503 4502622 6200502 6200502 6200502 6200502 6200502 6200502 6502621 2622632 4501622 4503622 

4101401 4401402 4401402 4401502 4401501 4401503 4401621 6102401 4401402 4401402 4401402 4401622 6401402 6401621 6200401 6200401 6200401 6200401 6200401 1101402 2101402 2101502 2101501 2101503 1101621 2101102 1101402 1101402 1101402 2101622 2402402 

3200400 3200400 3200501 3200503 3200502 4200612 3200622 3200621 3200400 3200400 4200622 4200400 4200501 4200503 1400400 2400501 2400503 2400502 2400612 1400622 1400621 

1400400 1400400 1400402 6101400 4400400 4400632 4400400 4400400 4400633 6400400 6400633 6400400 1400400 1400402 6101400 4400400 4400632 4400400 4400400 4400633 6400400 6400633 6400400 

2101401 2101401 2101501 2101503 2101502 1101612 2101632 2101633 4101632 3101401 4101200 4101200 1401401 1401501 1401503 

2200402 2200400 4101200 4200501 4200502 4200503 4200612 4200631 3200401 3200401 3200401 3200401 3200401 4200401 4200401 1400402 5101402 5402501 5402502 5402503 5402612 5402631 4401402 4401402 

2200402 4101200 3200501 3200503 3200502 4200612 3200401 3200401 3200401 

2200502 4101200 

3200612 4200621 3200631 3200611 3200611 3200612 3200612 3200611 4200612 3200632 3200631 4200632 2612621 1612631 1611612 

